papouille	1452843347572	49.1832019	-0.3058262
Tirlo	1452845223013	49.4844107	-1.4331201999999998
pika	1452851547698	49.1474338	-0.3279213
frank	1452851919152	49.12792398	-0.37929662
frank	1452851957210	49.12793029	-0.37925753
frank	1452851977221	49.12792588	-0.37925545
frank	1452851988201	49.12792372	-0.37924978
frank	1452851989643	49.12792388	-0.37924982
frank	1452853598944	49.0629573	-0.5685888
frank	1452853617507	49.0629515	-0.5685265
frank	1452853632010	49.0629969	-0.5685514
frank	1452853652222	49.0629977	-0.5685497
frank	1452853672622	49.0629975	-0.5685506
frank	1452853693127	49.0629977	-0.5685497
frank	1452853762380	49.0629969	-0.5685481
frank	1452853775336	49.0629967	-0.5685497
frank	1452853810363	49.0629431	-0.5685262
frank	1452853864340	49.0629574	-0.5685252
Laetitia	1452856000758	49.1624272	-0.3570333
Laetitia	1452856007917	49.1624456	-0.3570495
Manudu61	1452859110935	49.1624477	-0.2831709
Manudu61	1452859120958	49.1603159	-0.2835466
Manudu61	1452859267736	49.1648214	-0.2942999
Manudu61	1452859318486	49.1619892	-0.2938719
Manudu61	1452859328780	49.1617584	-0.2936592
Manudu61	1452859357729	49.163249	-0.2966553
Manudu61	1452859367936	49.1618892	-0.2935687
Manudu61	1452859378935	49.1617769	-0.2935963
Manudu61	1452859388964	49.1617283	-0.2932037
Manudu61	1452859399915	49.1616313	-0.2932813
Manudu61	1452859409919	49.161644	-0.2932998
Manudu61	1452859419925	49.1616204	-0.2933461
Manudu61	1452859430922	49.1616841	-0.2934449
Manudu61	1452859452977	49.1617563	-0.2936275
Manudu61	1452859463931	49.1617496	-0.2936243
Manudu61	1452859474908	49.161742	-0.2936169
Manudu61	1452859484915	49.1617364	-0.293612
Manudu61	1452859495901	49.161734	-0.2936099
Manudu61	1452859510456	49.1614355	-0.2934763
Manudu61	1452859564820	49.1614375	-0.2935103
Manudu61	1452859574914	49.1614038	-0.2933821
Manudu61	1452859585610	49.161442	-0.2935896
Manudu61	1452859595942	49.1614894	-0.293727
Manudu61	1452859612916	49.1615883	-0.293972
Manudu61	1452859622959	49.1615803	-0.2934924
Manudu61	1452859632982	49.1614495	-0.2933363
Manudu61	1452859643913	49.1614483	-0.2933349
Manudu61	1452859735751	49.1614057	-0.2934168
papouille	1452859758878	49.1832026	-0.30583190000000005
Manudu61	1452859749858	49.1614156	-0.2933769
Manudu61	1452859759895	49.1614926	-0.2937087
Manudu61	1452859822894	49.1614983	-0.2934284
Manudu61	1452859832911	49.1614108	-0.2932805
Manudu61	1452859843912	49.1614046	-0.2932866
Manudu61	1452860211076	49.1614981	-0.2936323
Manudu61	1452860232457	49.1614126	-0.2933778
Tirlo	1452861467174	49.1696657	-0.3238385
Tirlo	1452861477196	49.1696614	-0.3237567
Tirlo	1452861488179	49.1696527	-0.3238013
Tirlo	1452861499171	49.1696149	-0.3238078
Tirlo	1452861510177	49.1696233	-0.3237997
Tirlo	1452861520188	49.16965	-0.3237966
Tirlo	1452861530191	49.1696659	-0.3238161
Tirlo	1452861541191	49.1699801	-0.3240907
papouille	1452862429323	49.18320670000001	-0.3058345
papouille	1452862549845	49.183204499999995	-0.3058333
Tirlo	1452863522216	49.1604409	-0.3018004
Tirlo	1452863590348	49.1601831	-0.3027336
Tirlo	1452863593222	49.1601875	-0.3027315
Tirlo	1452864408298	49.1862847	-0.3101455
Manudu61	1452865141809	49.1613741	-0.2933108
Manudu61	1452865155634	49.1614411	-0.2938664
Manudu61	1452865438502	49.1614696	-0.2937404
Manudu61	1452865453671	49.1613719	-0.2933221
Tirlo	1452868404748	49.1863637	-0.3078642
Tirlo	1452869966133	49.1711482	-0.3638023
Tirlo	1452872290810	49.171909	-0.3770153
Tirlo	1452872301631	49.1721577	-0.377317
Tirlo	1452872312597	49.1721663	-0.3773472
frank	1452873658927	49.18058993	-0.32697959
Tirlo	1452873793842	49.1994439	-0.4585118
Tirlo	1452873796015	49.199348	-0.4585103
LILY14	1452873836466	49.2003082	-0.3598802
LILY14	1452873864562	49.2003014	-0.3598744
LILY14	1452873877850	49.2003023	-0.3598715
LILY14	1452873892621	49.2002989	-0.3598703
LILY14	1452873902679	49.2003017	-0.3598707
Manudu61	1452874125281	49.161606	-0.2938903
Manudu61	1452874181824	49.1617561	-0.2941702
Manudu61	1452874192347	49.16126688	-0.29320576
Manudu61	1452874203175	49.16133777	-0.29339514
Manudu61	1452874539702	49.1613411	-0.2933693
LILY14	1452875679923	49.1992784	-0.2944621
LILY14	1452875690291	49.1993081	-0.2944631
Tirlo	1452876124020	49.1994761	-0.4588636
Tirlo	1452876130485	49.1994825	-0.4588207
LILY14	1452876327950	49.1991675	-0.2944224
LILY14	1452876407171	49.1992264	-0.29448
LILY14	1452876421889	49.1992264	-0.2944778
LILY14	1452876428341	49.2000066	-0.2930516
FwedoStyle	1452877103790	49.010309299999996	-0.8427062
Tirlo	1452879574410	49.4844083	-1.43327
Maverick1st	1452880056652	49.0103217	-0.8426986
Laure1984	1452880395284	49.186323184078475	-0.3967262010634287
Laure1984	1452880402987	49.186372819780715	-0.3966586204561486
Laure1984	1452880675411	49.18636529349242	-0.3966628873608679
Laure1984	1452880685212	49.18633369236249	-0.39669273506477115
Laure1984	1452880986458	49.18631882809037	-0.39669010130370247
Laure1984	1452881023087	49.186332141766385	-0.39667695249310786
PETOLLE	1452881527156	49.1203835	-0.379068
PETOLLE	1452881532618	49.1203815	-0.379086
PETOLLE	1452881595412	49.120361	-0.3791451
PETOLLE	1452881605553	49.1203618	-0.3791382
PETOLLE	1452881620876	49.1203627	-0.3791327
PETOLLE	1452881631101	49.1203646	-0.3791282
PETOLLE	1452881641137	49.1203665	-0.3791211
PETOLLE	1452881656052	49.1203675	-0.3791109
PETOLLE	1452881666235	49.1203678	-0.379102
PETOLLE	1452881676481	49.1203683	-0.3791076
PETOLLE	1452881837072	49.1203718	-0.3790543
PETOLLE	1452881909696	49.1203417	-0.3790948
PrincessMag	1452882907581	49.1992523	-0.3358424
PrincessMag	1452882923779	49.1992536	-0.335826
PrincessMag	1452882939434	49.1992616	-0.3358126
PrincessMag	1452883011087	49.1992434	-0.3358173
PrincessMag	1452883367273	49.1992483	-0.3358343
PrincessMag	1452883377517	49.19953031	-0.33575712
PrincessMag	1452883390848	49.1992492	-0.3357843
PrincessMag	1452883400516	49.19953347	-0.33576835
PrincessMag	1452883408521	49.19953249	-0.33576038
PrincessMag	1452883416079	49.19924	-0.3357956
PETOLLE	1452882795254	49.120341	-0.3790928
PETOLLE	1452882804640	49.1203437	-0.3790879
PETOLLE	1452882910711	49.1203398	-0.3790942
PETOLLE	1452882938776	49.1203416	-0.3790937
PrincessMag	1452884414564	49.1992296	-0.3358303
PrincessMag	1452884558178	49.1992421	-0.33582
PETOLLE	1452884243249	49.1203109	-0.3791384
PETOLLE	1452884253332	49.1203103	-0.3791435
PETOLLE	1452884377880	49.1203112	-0.379146
PrincessMag	1452885058500	49.1992324	-0.3358292
Manudu61	1452890486988	49.1515894	-0.3454668
Manudu61	1452890497122	49.1515153	-0.3452373
Manudu61	1452890507952	49.1517089	-0.3455781

