paolo	1453021194947	49.288517	-0.356051
Engie	1453022469170	49.01891355279786	-0.6371129861015606
Engie	1453022483693	49.018897995302844	-0.6371239517142248
LILY14	1453022668240	49.2198587	-0.5741463
LILY14	1453022678276	49.2231533	-0.5839599
Tirlo	1453027327185	49.4997441	-1.4679781
papouille	1453027507371	49.183206299999995	-0.30583299999999997
polac	1453028032615	49.194652988954616	-0.7504216483808123
polac	1453028072906	49.121904285861206	-0.7937357301600966
polac	1453028083098	49.09308035896884	-0.8015336651709049
polac	1453028094094	49.09367328544319	-0.8006173311977464
polac	1453028104096	49.09337426170816	-0.8012975658386288
polac	1453028114110	49.09337426170815	-0.8012975658386285
polac	1453028124271	49.09320550514557	-0.8016549711082885
Tirlo	1453029962266	49.5091556	-1.4694283
Tirlo	1453029968716	49.5091101	-1.4698485
Nixpe	1453031975040	49.177681799999995	-0.3525396
Nixpe	1453032014016	49.1776774	-0.3525181
pika	1453033582972	49.226591	-0.3729611
pika	1453033593847	49.226736	-0.3731894
pika	1453033603869	49.2267216	-0.3731422
pika	1453033610039	49.2267213	-0.3731417
LILY14	1453037051592	49.2153508	-0.5894552
Maverick1st	1453037750527	49.0103058	-0.8426946999999999
lejeune	1453037804667	49.199053199999994	-0.36745829999999996
LILY14	1453038320440	49.2153508	-0.5894552
Maverick1st	1453038414324	49.010278799999995	-0.8426428
lejeune	1453042502110	49.1990603	-0.36745829999999996
Stitcoeur	1453043047459	49.027150299999995	-0.6283974
Maverick1st	1453045270395	49.010301999999996	-0.8427089
pika	1453047022939	49.2266965	-0.3733204
pika	1453047028116	49.2267134	-0.3732607
papouille	1453047455912	49.1347092	-0.2308298
papouille	1453047476384	49.1337958	-0.2444159
papouille	1453047479570	49.1337915	-0.2444196
papouille	1453047559787	49.1425703	-0.2502034
papouille	1453047572384	49.1337341	-0.2444774
papouille	1453047582732	49.1338068	-0.244536
papouille	1453047593315	49.1338912	-0.2443893
papouille	1453047603359	49.1338547	-0.24439
papouille	1453047613366	49.1337142	-0.2445663
papouille	1453047624301	49.1338702	-0.2443611
papouille	1453047634477	49.1339229	-0.2443331
papouille	1453047645757	49.1339269	-0.2443222
papouille	1453047657484	49.1339303	-0.2443138
papouille	1453047668326	49.1339292	-0.2443138
papouille	1453047678364	49.1339285	-0.2443142
papouille	1453047688630	49.1339281	-0.2443147
papouille	1453047699509	49.133928	-0.2443149
papouille	1453047709752	49.1339279	-0.2443152
papouille	1453047719765	49.1339279	-0.2443155
papouille	1453047729812	49.1339276	-0.2443159
papouille	1453047740334	49.1339272	-0.244316
papouille	1453047750653	49.1339272	-0.2443158
papouille	1453047772732	49.133927	-0.2443159
papouille	1453047783980	49.1339268	-0.244316
papouille	1453047794912	49.1339267	-0.2443161
papouille	1453047806907	49.1339266	-0.2443163
papouille	1453047817772	49.1339265	-0.2443164
papouille	1453047827892	49.1339265	-0.2443165
papouille	1453047838309	49.1339263	-0.2443167
papouille	1453047848516	49.1339262	-0.244317
papouille	1453047859868	49.1339261	-0.244317
papouille	1453047940120	49.1339254	-0.2443187
papouille	1453047950423	49.1339187	-0.2443222
papouille	1453047959222	49.1339164	-0.2443241
papouille	1453048042393	49.1338963	-0.2443375
papouille	1453048052452	49.133895	-0.2443397
papouille	1453048062594	49.1338933	-0.2443454
papouille	1453048072601	49.1338938	-0.2443433
papouille	1453048083762	49.1338938	-0.2443434
papouille	1453048093792	49.1338938	-0.2443436
Amidarat	1453048104866	49.1372286	-0.2352526
papouille	1453048104732	49.1338939	-0.2443436
Amidarat	1453048115677	49.13367598	-0.2440469
papouille	1453048114863	49.1338939	-0.2443436
Amidarat	1453048170851	49.1372265	-0.2362686
papouille	1453048177788	49.1338939	-0.2443436
Amidarat	1453048184469	49.1372286	-0.2352526
papouille	1453048188848	49.1338939	-0.2443436
Amidarat	1453048197072	49.13387251	-0.24436328
papouille	1453048199378	49.1338939	-0.2443436
papouille	1453048223241	49.133894	-0.2443437
papouille	1453049803537	49.1425703	-0.2502034
Maverick1st	1453050210193	49.0102805	-0.8426985
Maverick1st	1453050303705	49.0102846	-0.8426787
dominique	1453050511202	49.0103188	-0.8426867
Maverick1st	1453050614206	49.0103253	-0.8426893999999999
pika	1453052824483	49.2266898	-0.3732942
pika	1453052830127	49.2266898	-0.3733221
Maverick1st	1453052845993	49.0103119	-0.8426836999999999
pierrot	1453053124407	49.0103155	-0.8426741
pierrot	1453053251749	49.010278899999996	-0.8426483
Maverick1st	1453053258662	49.010278899999996	-0.8426483
Maverick1st	1453054380261	49.0103047	-0.8426899999999999
Maverick1st	1453054392505	49.0103091	-0.8426866
pika	1453055495776	49.2266741	-0.3732353
pika	1453055510269	49.2266745	-0.3732357
PrincessMag	1453059367948	49.1992681	-0.3358507
Maverick1st	1453065837932	49.010331699999995	-0.8427036999999999
Maverick1st	1453067984914	49.0103083	-0.8426973999999999

