pika	1452932963545	49.2268483	-0.3732036
pika	1452932974052	49.2267414	-0.3731467
pika	1452933001039	49.2265229	-0.3728508
pika	1452933256028	49.2267246	-0.3732239
pika	1452933271596	49.2266812	-0.3732225
pika	1452933286623	49.2266844	-0.373225
pika	1452933293694	49.2267462	-0.3731379
pika	1452933456774	49.2266831	-0.3730253
pika	1452933467045	49.2265902	-0.3727943
pika	1452933477048	49.2266014	-0.3728109
pika	1452933487060	49.2266045	-0.3728091
pika	1452933495179	49.2266172	-0.3728369
pika	1452933820223	49.2266845	-0.373237
pika	1452933835001	49.2266785	-0.3732362
pika	1452933845205	49.2266804	-0.3732358
pika	1452933853604	49.226677	-0.3732356
pika	1452934123655	49.2266745	-0.3732359
pika	1452934631163	49.2267278	-0.3732024
LILY14	1452935392779	49.2153508	-0.5894552
pika	1452936376916	49.2266941	-0.3732962
Tirlo	1452936413848	49.484428	-1.4331652
Tirlo	1452936423993	49.4843459	-1.4332544
Tirlo	1452936433997	49.4843651	-1.4332124
Tirlo	1452936444004	49.4843632	-1.4332433
Tirlo	1452936486027	49.4844268	-1.4331315
Tirlo	1452936508001	49.4843021	-1.4332248
pika	1452937397230	49.2266861	-0.3732667
pika	1452937403825	49.2266851	-0.3732473
LILY14	1452937762715	49.2153508	-0.5894552
Flavinou	1452939097372	49.100629768561916	-0.5039598261817496
Flavinou	1452939134787	49.10137915591088	-0.5016898211822386
Flavinou	1452939145733	49.10162852408889	-0.5017917774029941
Flavinou	1452939158737	49.10177265010584	-0.5025653962908464
Flavinou	1452939168756	49.10194619675971	-0.50290773842476
Flavinou	1452939179746	49.10188782048568	-0.50304473638008
Flavinou	1452939190737	49.10191995869583	-0.5030259879142541
Flavinou	1452939200742	49.10197677135401	-0.5030087440816724
Flavinou	1452939218664	49.101990915554246	-0.5030161461464447
Flavinou	1452939294823	49.10230798976268	-0.5034062667950593
Flavinou	1452939305755	49.10212284360311	-0.5032328263225881
Flavinou	1452939318224	49.10204031693361	-0.5030661956635913
LILY14	1452939367522	49.276086	-0.7017117
LILY14	1452939378644	49.276115	-0.701705
Tirlo	1452939396268	49.4844625	-1.4331343
LILY14	1452939406253	49.2761408	-0.7016768
Tirlo	1452939410299	49.4844141	-1.4331726
Tirlo	1452939420306	49.4844039	-1.4331741
LILY14	1452939441568	49.2761258	-0.7016955
LILY14	1452939451742	49.2761666	-0.70198
LILY14	1452939468459	49.2761641	-0.7016666
LILY14	1452939478648	49.27611	-0.701905
LILY14	1452939483421	49.2761033	-0.7019516
Tirlo	1452939490171	49.484389	-1.4331696
Tirlo	1452939500998	49.484078	-1.4335407
Tirlo	1452939511050	49.4843732	-1.4333174
Tirlo	1452939521176	49.4844363	-1.4332564
Tirlo	1452939532044	49.4843518	-1.4333223
Tirlo	1452939581431	49.4844105	-1.4331769
Tirlo	1452939591458	49.4842686	-1.4333119
Tirlo	1452939598276	49.4843149	-1.4331591
Tirlo	1452939750521	49.4844022	-1.4331785
pika	1452939786954	49.3133865	-0.3547928
pika	1452939798034	49.3133918	-0.3548033
LILY14	1452940352671	49.2839036	-0.7039219
LILY14	1452940367658	49.2845261	-0.7053042
LILY14	1452940377708	49.2847183	-0.7056883
pika	1452940541003	49.3134026	-0.354202
pika	1452940551028	49.3135807	-0.3544878
pika	1452940561038	49.3135729	-0.3544765
pika	1452940571050	49.3135751	-0.3544706
pika	1452940581065	49.3136227	-0.3544485
pika	1452940591069	49.3133155	-0.3537108
Tirlo	1452940811666	49.4844426	-1.4331647
Tirlo	1452940821683	49.4846112	-1.4332889
Tirlo	1452940832388	49.4844662	-1.4332694
Tirlo	1452940843401	49.4843889	-1.4332572
Tirlo	1452940853403	49.4844751	-1.4333132
Tirlo	1452940864385	49.4844865	-1.4333214
Tirlo	1452940871186	49.4845006	-1.4333335
Flavinou	1452940901355	49.13814285074462	-0.37507127287818476
Flavinou	1452940912323	49.13815734493568	-0.37501709335218913
Flavinou	1452941122340	49.1382069	-0.375751
Flavinou	1452941133317	49.13815734493568	-0.37501709335218913
Flavinou	1452941175316	49.13817596645759	-0.37499605632240113
Flavinou	1452941185319	49.138153231429634	-0.3749880684043519
Flavinou	1452941196315	49.13815528070603	-0.3749841943433428
Flavinou	1452941206316	49.13816194243199	-0.3749857908212474
Flavinou	1452941216322	49.13816655531567	-0.37498816127062434
Flavinou	1452941227320	49.13816757100765	-0.37498862608155675
Flavinou	1452941238316	49.138161296648875	-0.3749904037831578
Flavinou	1452941249315	49.1381599740981	-0.37500075914756587
Flavinou	1452941260316	49.13816050530759	-0.37500466395416243
Flavinou	1452941271314	49.13816602778354	-0.3750083065748495
Flavinou	1452941281315	49.13816391636698	-0.37500636705291523
Flavinou	1452941292373	49.13816827848171	-0.3749949036608192
Flavinou	1452941303313	49.138177357309175	-0.3749874151316412
Flavinou	1452941313314	49.13817702027733	-0.37498666550457616
Flavinou	1452941323785	49.13819387034766	-0.3749872183189393
Flavinou	1452941334315	49.1382074027192	-0.3749784730060416
Flavinou	1452941345299	49.13821010559918	-0.3749763255696544
Tirlo	1452941868661	49.4843326	-1.4332095
Tirlo	1452941879398	49.4842748	-1.4332294
Tirlo	1452941892457	49.484266	-1.4331495
Tirlo	1452941898912	49.4842574	-1.4331368
Manudu61	1452942080762	49.162082	-0.2937155
Manudu61	1452942097591	49.16204457	-0.29369626
Manudu61	1452942745616	49.203612	-0.2969177
LILY14	1452943083649	49.2746629	-0.6874271
LILY14	1452943106873	49.2746764	-0.687426
LILY14	1452943114256	49.27438	-0.6869616
Manudu61	1452943163211	49.2035934	-0.2969445
Tirlo	1452943470858	49.6318259	-1.5794553
Tirlo	1452943481703	49.6317615	-1.5794546
Tirlo	1452943491732	49.6317704	-1.579427
Tirlo	1452943500123	49.6318099	-1.57923
Amidarat	1452944191696	49.133883	-0.2442454
Amidarat	1452944228760	49.13414493	-0.24459668
Amidarat	1452944244865	49.1338758	-0.2442421
Flavinou	1452945708052	49.1007032	-0.5038491
Flavinou	1452945823265	49.1007013	-0.503697
Flavinou	1452945915488	49.100691	-0.5037732
Flavinou	1452945985458	49.1007204	-0.5036557
Flavinou	1452945996186	49.10062421280063	-0.5037448007702034
paolo	1452946045485	49.286509	-0.320367
Flavinou	1452946070379	49.10062421280063	-0.5037448007702034
paolo	1452946061713	49.286509	-0.320367
Flavinou	1452946080381	49.10062421280063	-0.5037448007702034
paolo	1452946067211	49.286509	-0.320367
Flavinou	1452946091378	49.10062421280063	-0.5037448007702034
paolo	1452946204685	49.286509	-0.320367
Flavinou	1452946227411	49.10062421280063	-0.5037448007702034
Flavinou	1452946302382	49.10063492002219	-0.5037427388025616
Flavinou	1452946313405	49.10063993541523	-0.5037410605832503
Flavinou	1452946366407	49.100636136438666	-0.5037428297082402
Flavinou	1452946377380	49.10063613643863	-0.5037428297082582
Flavinou	1452946430386	49.100633506245	-0.5037463523006026
Flavinou	1452946441382	49.100633506245	-0.5037463523006029
Flavinou	1452946462382	49.10062986974512	-0.5037665996580237
paolo	1452946453768	49.286509	-0.320367
Flavinou	1452946473382	49.10062986974512	-0.5037665996580237
paolo	1452946462690	49.286509	-0.320367
Flavinou	1452946483383	49.10062711758571	-0.5037692340062557
paolo	1452946470723	49.286509	-0.320367
Flavinou	1452946494525	49.10062711758571	-0.5037692340062557
paolo	1452946510992	49.286509	-0.320367
Flavinou	1452946526386	49.10062711758571	-0.5037692340062557
PrincessMag	1452947257948	49.1624637	-0.3571573
Flavinou	1452946632382	49.10062711758571	-0.5037692340062557
Flavinou	1452946762386	49.10062863414829	-0.5037793950954865
PrincessMag	1452947399363	49.162462	-0.357158
Flavinou	1452946773384	49.10062863414829	-0.5037793950954865
Maverick1st	1452946843262	49.010318	-0.8426811999999999
Flavinou	1452946849385	49.10062863414829	-0.5037793950954865
Flavinou	1452946859388	49.100635205270734	-0.5037690953746675
Flavinou	1452946870389	49.100640072997656	-0.503763417615627
Flavinou	1452946881387	49.10064652580352	-0.5037520031687086
Flavinou	1452946892194	49.1006731	-0.5038638
Flavinou	1452946902392	49.10065300314594	-0.5037303835243157
Flavinou	1452946912417	49.1006742	-0.5037913
Flavinou	1452946922418	49.10065861133951	-0.5037266977490047
Flavinou	1452946932478	49.1006748	-0.5037946
Flavinou	1452946943385	49.10064892105892	-0.5037046458611453
Flavinou	1452946953394	49.10065153040733	-0.5037031814827526
Flavinou	1452946974399	49.100657415284495	-0.5037053889243739
Flavinou	1452946985389	49.100657415285845	-0.5037053889264709
Flavinou	1452947006446	49.10064597430816	-0.5037069388687082
Flavinou	1452947017494	49.100636501351914	-0.5036960680938154
Flavinou	1452947028379	49.1006365014044	-0.5036960683636962
Flavinou	1452947038380	49.100633490625455	-0.5036896433805231
Flavinou	1452947048381	49.1006317425763	-0.5036830937316246
Flavinou	1452947058385	49.10063174253406	-0.5036830938010074
Flavinou	1452947069765	49.10057610461125	-0.5036347921253327
Flavinou	1452947080415	49.10058046205518	-0.5036613831983943
Flavinou	1452947090481	49.100577447412974	-0.5036804718106369
Flavinou	1452947100637	49.100574005844614	-0.5036790632745286
Flavinou	1452947111391	49.100579541598826	-0.5036860173632058
Flavinou	1452947122430	49.100576536303976	-0.5036918738387097
Flavinou	1452947133381	49.100573327075324	-0.5036981486192784
Flavinou	1452947143394	49.10056630229106	-0.5037090356277616
Flavinou	1452947154387	49.100559174249724	-0.5037242166214103
Flavinou	1452947164388	49.10055647038471	-0.5037292458403773
Flavinou	1452947175562	49.10055296341915	-0.5037346170370638
Flavinou	1452947186447	49.10054836893039	-0.503740517734402
Flavinou	1452947196495	49.10055323063489	-0.5037363167935285
Flavinou	1452947207442	49.10055466335321	-0.5037290556890021
Flavinou	1452947218391	49.10055596034215	-0.5037228827189941
Flavinou	1452947228398	49.10056000784196	-0.5037080290327247
Flavinou	1452947271869	49.10055537172062	-0.5036617985524621
Tirlo	1452947814080	49.6322082	-1.5800523
Tirlo	1452947825068	49.6317694	-1.5794069
Tirlo	1452947835972	49.631811	-1.5793921
Tirlo	1452948155088	49.5999203	-1.5960576
Tirlo	1452948159296	49.5997942	-1.5963821
Tirlo	1452948966192	49.4844044	-1.4333257
pika	1452949013396	48.4533885	-2.0445275
pika	1452949220262	48.4533732	-2.0445442
pika	1452949230275	48.4533924	-2.0445268
pika	1452949245313	48.4533922	-2.0445256
Tirlo	1452949234587	49.4843328	-1.4332099
pika	1452949260375	48.4533918	-2.0445279
pika	1452949275229	48.4533974	-2.0445248
pika	1452949296928	48.4534015	-2.0445218
Maverick1st	1452951418225	49.0103156	-0.8426901
Maverick1st	1452951607029	49.0103155	-0.8426772
Maverick1st	1452951664961	49.010763	-0.842927
Maverick1st	1452951736414	49.0103179	-0.8426806
Maverick1st	1452952401302	49.0103173	-0.8426893
Maverick1st	1452952772838	49.0103198	-0.842688
Tirlo	1452953573327	49.5091461	-1.4697828
pika	1452954514179	48.4493247	-2.045197
pika	1452954525036	48.4500857	-2.0443098
pika	1452954547069	48.4500733	-2.0444007
pika	1452954548361	48.450081	-2.0444058
frank	1452955351963	49.0789305	-0.6606729
Tirlo	1452956006928	49.5089255	-1.4714465
Tirlo	1452956017923	49.5089192	-1.4714128
Tirlo	1452956028884	49.5087558	-1.4715513
Tirlo	1452956038889	49.5087397	-1.4710663
Tirlo	1452956048894	49.5085651	-1.470588
Tirlo	1452956058919	49.5084209	-1.4697491
Tirlo	1452956069897	49.5081476	-1.4690408
Tirlo	1452956080895	49.5074027	-1.4683916
Tirlo	1452956091887	49.5066238	-1.4673213
Tirlo	1452956102886	49.5056469	-1.466521
Tirlo	1452956112897	49.5053549	-1.4658704
Tirlo	1452956123868	49.5049403	-1.4646877
Tirlo	1452956133889	49.5043392	-1.4637354
Tirlo	1452956143923	49.5041244	-1.4634234
Tirlo	1452956153930	49.5036449	-1.4624129
Tirlo	1452956163943	49.5034764	-1.461711
Tirlo	1452956173945	49.5032055	-1.4608888
Tirlo	1452956184979	49.5025278	-1.4590747
Tirlo	1452956195952	49.5019976	-1.4575901
Tirlo	1452956206951	49.5015829	-1.4563328
Tirlo	1452956217966	49.5011548	-1.4549998
Tirlo	1452956228975	49.5006642	-1.4533905
Tirlo	1452956239963	49.4999351	-1.4520628
Tirlo	1452956249987	49.4991335	-1.4512517
Tirlo	1452956260965	49.4981306	-1.4503371
Tirlo	1452956270972	49.4978696	-1.4507085
Tirlo	1452956281946	49.4963683	-1.4506164
Tirlo	1452956291968	49.4943493	-1.450751
Tirlo	1452956302939	49.4926139	-1.4502618
Tirlo	1452956312943	49.4912538	-1.449839
Tirlo	1452956323934	49.4891538	-1.4492628
Tirlo	1452956333959	49.4870382	-1.4484928
Tirlo	1452956344945	49.4849465	-1.4479399
Tirlo	1452956354975	49.4831719	-1.4472109
Tirlo	1452956365954	49.4809697	-1.4466037
Tirlo	1452956376941	49.4801934	-1.4459748
Tirlo	1452956386965	49.4808322	-1.4440115
Tirlo	1452956396995	49.4815733	-1.441969
Tirlo	1452956407274	49.4823859	-1.4403439
Tirlo	1452956412352	49.4829643	-1.439588
Tirlo	1452956500642	49.4845065	-1.4333892
Maverick1st	1452956726541	49.010321399999995	-0.8426965999999999
Maverick1st	1452958842959	49.0103282	-0.8426893
pika	1452961638319	48.4502651	-2.0435808
cindy14	1452962849542	49.1803668	-0.3728384

