Nixpe	1453330801588	49.1776716	-0.35255030000000004
Nixpe	1453338677489	49.177691599999996	-0.3525584
Nixpe	1453339504362	49.1776962	-0.35257259999999996
Nixpe	1453339570110	49.177688499999995	-0.3525372
Nixpe	1453340449315	49.177679399999995	-0.3525702
Nixpe	1453340790506	49.177684000000006	-0.3525261
Nixpe	1453341158839	49.1777014	-0.3526226
Nixpe	1453341171954	49.177693	-0.3525411
Nixpe	1453341565477	49.1776902	-0.3525559
Nixpe	1453347300585	49.177698899999996	-0.35263069999999996
Nixpe	1453347339907	49.177683699999996	-0.3525175
Nixpe	1453347602364	49.1776992	-0.3526275
Nixpe	1453347628677	49.177686699999995	-0.3525564
Nixpe	1453348967458	49.1776913	-0.35255129999999996
Nixpe	1453349072713	49.1772166	-0.35290060000000006
Nixpe	1453350476626	49.1776871	-0.352543
Nixpe	1453350489737	49.177689099999995	-0.3525258
frank	1453354920058	49.0629517	-0.5685239
Nixpe	1453354923953	49.177689099999995	-0.3525258
Nixpe	1453355921638	49.1777064	-0.35254779999999997
Nixpe	1453355934750	49.177692099999994	-0.3525568
Nixpe	1453357298817	49.177682	-0.352525
Nixpe	1453357417091	49.1776923	-0.3526046
Nixpe	1453357430202	49.1777039	-0.35254009999999997
Nixpe	1453357587900	49.1776816	-0.3525741
Nixpe	1453357981207	49.1776993	-0.3525589
Nixpe	1453358677118	49.177687899999995	-0.3525184
Nixpe	1453359752838	49.1776869	-0.3525501
Nixpe	1453360474244	49.1776874	-0.3525119
Nixpe	1453360539781	49.1776872	-0.3526014
Kiki	1453360768915	49.1823573	-0.2710736
Nixpe	1453360776011	49.1776872	-0.3526014
Kiki	1453360779639	49.1823573	-0.2710736
Nixpe	1453360789124	49.1776872	-0.3526014
Kiki	1453360795244	49.1823573	-0.2710736
Nixpe	1453360802232	49.1776872	-0.3526014
Kiki	1453360810004	49.1823573	-0.2710736
Nixpe	1453360815343	49.1776872	-0.3526014
Nixpe	1453360828441	49.177678	-0.3525375
Nixpe	1453361406386	49.177698899999996	-0.3525715
Nixpe	1453361511452	49.177681799999995	-0.35255559999999997
Nixpe	1453361708667	49.1777297	-0.3525296
Nixpe	1453361721780	49.1776887	-0.3525772
cydney3	1453362066105	49.00623704159204	0.15242175403668223
cydney3	1453362076399	49.006198263021716	0.1512904072739353
cydney3	1453362087376	49.00611582810151	0.15071399064751356
Nixpe	1453362142231	49.1776887	-0.3525772
cydney3	1453362112060	49.0056800831934	0.15017177210942814
Nixpe	1453362168454	49.1776887	-0.3525772
cydney3	1453362150202	49.0056800831934	0.15017177210942814
Nixpe	1453362207779	49.1776887	-0.3525772
Nixpe	1453362299529	49.1776944	-0.352607
Nixpe	1453362338853	49.177670299999996	-0.3525669
Nixpe	1453362378166	49.1772412	-0.3526476
pika	1453362474479	49.1474338	-0.3279213
Nixpe	1453362470224	49.1772412	-0.3526476
Nixpe	1453362496433	49.1776803	-0.3525525
Nixpe	1453362509547	49.1776853	-0.3525406
Laure1984	1453362576921	49.2745	-0.2596
Nixpe	1453362627520	49.1776853	-0.3525406
Laure1984	1453362602795	49.2745	-0.2596
Nixpe	1453362666831	49.1776853	-0.3525406
Laure1984	1453362612057	49.2745	-0.2596
Nixpe	1453362679943	49.1776853	-0.3525406
Castef	1453362893898	49.14479772564875	0.22213585674783412
Nixpe	1453362903164	49.1776853	-0.3525406
Castef	1453362904279	49.144844915763606	0.22310857661089217
Nixpe	1453362916277	49.1776853	-0.3525406
Castef	1453362914721	49.14495274894791	0.2232642285527878
Castef	1453362925075	49.14502395321535	0.22337285801789106
Nixpe	1453362929389	49.1776853	-0.3525406
Castef	1453362962848	49.14523500953721	0.22379228845259527
Nixpe	1453362968808	49.1776853	-0.3525406
Nixpe	1453362982220	49.177702599999996	-0.3525404
Nixpe	1453363613112	49.1776919	-0.3526072
Nixpe	1453363796934	49.1776773	-0.3525447
Nixpe	1453364531336	49.1777022	-0.3525761
Nixpe	1453364544433	49.1776883	-0.3525394
Nixpe	1453364649294	49.1776939	-0.3525524
Nixpe	1453364662407	49.1776832	-0.3525509
Nixpe	1453364688617	49.177700699999995	-0.3526005
Nixpe	1453365293283	49.177680599999995	-0.35254199999999997
Nixpe	1453365581653	49.177708100000004	-0.3525907
Nixpe	1453365620973	49.177676999999996	-0.3525476
Nixpe	1453366027709	49.177703199999996	-0.35258029999999996
Nixpe	1453366093252	49.177697599999995	-0.3525507
PrincessMag	1453367743791	49.1992373	-0.3358286
PrincessMag	1453367754709	49.19922727	-0.33568669
PrincessMag	1453367760715	49.19923782	-0.33568041
Nixpe	1453367129523	49.177697599999995	-0.3525507
PrincessMag	1453367770924	49.199252	-0.3358317
Nixpe	1453367155740	49.177697599999995	-0.3525507
Nixpe	1453367195063	49.177045799999995	-0.3530228
johann14	1453367313448	49.1552061	-0.3322307
Nixpe	1453367247695	49.177045799999995	-0.3530228
johann14	1453367330381	49.15478818	-0.33265018
Nixpe	1453367260807	49.177045799999995	-0.3530228
johann14	1453367341360	49.15495128	-0.33245513
Nixpe	1453367274216	49.177045799999995	-0.3530228
johann14	1453367352344	49.15495934	-0.33236083
Nixpe	1453367287331	49.1776998	-0.3525915
Nixpe	1453367405284	49.1776884	-0.3525603
Engie	1453367727743	49.20652816475282	-0.366488225775631
johann14	1453367811243	49.1551309	-0.3322505
Nixpe	1453367746080	49.1776884	-0.3525603
Engie	1453367754575	49.20863479236399	-0.3739392757238909
Nixpe	1453367759184	49.1776884	-0.3525603
Engie	1453367768030	49.20651103840135	-0.366476168856366
Nixpe	1453367772298	49.1776884	-0.3525603
Engie	1453367778189	49.20651103840135	-0.366476168856366
Nixpe	1453367785395	49.1776884	-0.3525603
Engie	1453367789181	49.20651103840135	-0.366476168856366
Nixpe	1453367798509	49.1776884	-0.3525603
Engie	1453367798592	49.20647176918499	-0.3664786834273175
Nixpe	1453367811605	49.1776884	-0.3525603
Engie	1453367815112	49.20647176918499	-0.3664786834273175
Nixpe	1453367824722	49.1776884	-0.3525603
Nixpe	1453368021334	49.177701299999995	-0.3526032
Nixpe	1453368034431	49.177681799999995	-0.35259959999999996
Nixpe	1453368414743	49.177713999999995	-0.3526105
Nixpe	1453368572235	49.1776973	-0.35255569999999997
Nixpe	1453368677294	49.1777066	-0.3526318
Nixpe	1453368782164	49.1776817	-0.3526147
Nixpe	1453368795480	49.177696999999995	-0.35254520000000006
Nixpe	1453369005603	49.177698899999996	-0.35253019999999996
Nixpe	1453369018705	49.1776884	-0.3525947
Nixpe	1453370120317	49.1776981	-0.3525831
Nixpe	1453370277610	49.1776981	-0.35258069999999997
johann14	1453370813509	48.8625	2.3365
Nixpe	1453370815714	49.1776981	-0.35258069999999997
johann14	1453370833929	48.8625	2.3365
Nixpe	1453370841938	49.1776981	-0.35258069999999997
johann14	1453370855739	48.8625	2.3365
Nixpe	1453370868147	49.1776981	-0.35258069999999997
johann14	1453370869689	48.8625	2.3365
Nixpe	1453370881260	49.1776981	-0.35258069999999997
johann14	1453370883359	48.8625	2.3365
Nixpe	1453370894371	49.1776981	-0.35258069999999997
Nixpe	1453371510923	49.177672	-0.3526164
Nixpe	1453371537123	49.1776875	-0.3525346
Nixpe	1453371904333	49.177677499999994	-0.3526238
Nixpe	1453372048517	49.177690899999995	-0.3525753
Nixpe	1453372337186	49.1777253	-0.3525636
Nixpe	1453372402708	49.177682999999995	-0.3525459
FwedoStyle	1453372457977	49.011718167317845	-0.845015675045282
FwedoStyle	1453372463266	49.01171286389263	-0.8450609436061138
Nixpe	1453372468258	49.177682999999995	-0.3525459
FwedoStyle	1453372481848	49.01171286389263	-0.8450609436061138
Nixpe	1453372494474	49.177682999999995	-0.3525459
chris	1453372849288	49.212513	-0.36919609999999997
Nixpe	1453372862190	49.177682999999995	-0.3525459
Nixpe	1453373059199	49.1776966	-0.3525659
Nixpe	1453373072311	49.177672199999996	-0.3525641
Nixpe	1453373557884	49.1776863	-0.3525988
johann14	1453373679324	49.1502902	-0.3238802
Nixpe	1453373610316	49.1776863	-0.3525988
Nixpe	1453373715493	49.1776974	-0.3525833
Nixpe	1453373741702	49.1776816	-0.35263069999999996
Nixpe	1453373781229	49.1776936	-0.3525356
Nixpe	1453373860182	49.1776882	-0.3525661
Nixpe	1453374017456	49.177744	-0.35253999999999996
Nixpe	1453374109215	49.1776877	-0.3525544
lejeune	1453374350329	49.2125266	-0.3692084
Nixpe	1453374358353	49.1776877	-0.3525544
Nixpe	1453374410787	49.1776869	-0.3526084
Nixpe	1453374436992	49.177685000000004	-0.3525721
Nixpe	1453374607592	49.1776895	-0.3525819
Nixpe	1453374660014	49.177695299999996	-0.3525898
Kiki	1453374692800	49.2280448	-0.3004009
Kiki	1453374703376	49.2274583	-0.3000173
Nixpe	1453374712657	49.1776681	-0.35258210000000006
Kiki	1453374714331	49.2274631	-0.3000883
Nixpe	1453374725769	49.1776993	-0.3526196
Nixpe	1453374738868	49.1776895	-0.3525625
Nixpe	1453374778195	49.177681899999996	-0.352608
Nixpe	1453374791306	49.177696499999996	-0.3526313
Kiki	1453374828316	49.2307496	-0.3019658
Kiki	1453374838365	49.2312718	-0.3024015
Nixpe	1453374843723	49.177696499999996	-0.3526313
Kiki	1453374849346	49.2311678	-0.3024853
Nixpe	1453374856835	49.177696499999996	-0.3526313
Kiki	1453374878808	49.2311091	-0.301918
Nixpe	1453374883144	49.177696499999996	-0.3526313
Kiki	1453374889368	49.2311666	-0.302724
Tirlo	1453374893028	49.484442	-1.4331763
Kiki	1453374900325	49.2311785	-0.3028261
Tirlo	1453374906738	49.4836312	-1.4328931
Kiki	1453374910353	49.2311913	-0.3029196
Kiki	1453374920360	49.2312417	-0.3030535
Tirlo	1453374920057	49.4840368	-1.4329857
Nixpe	1453374922479	49.177696499999996	-0.3526313
Tirlo	1453374930118	49.4841408	-1.433055
Kiki	1453374931396	49.2312389	-0.3032038
Tirlo	1453374940132	49.4842338	-1.4330853
Kiki	1453374942335	49.2312551	-0.3033658
Tirlo	1453374951462	49.4842927	-1.4332857
Kiki	1453374952367	49.2312279	-0.3034238
Tirlo	1453374962107	49.4842935	-1.4332966
Kiki	1453374963334	49.2312635	-0.3034917
Tirlo	1453374972119	49.4842797	-1.4333088
Nixpe	1453374974896	49.1776808	-0.3525956
Tirlo	1453374982146	49.4843109	-1.4333528
Tirlo	1453374993135	49.4843105	-1.4333357
Nixpe	1453375001313	49.1776835	-0.3525783
Tirlo	1453375003148	49.4842545	-1.4332581
Tirlo	1453375013424	49.4842146	-1.4332309
Nixpe	1453375014425	49.1776835	-0.3525783
Tirlo	1453375024112	49.4842551	-1.4332428
Nixpe	1453375027537	49.1776835	-0.3525783
Tirlo	1453375034145	49.4842993	-1.4332145
Nixpe	1453375040649	49.1776835	-0.3525783
Tirlo	1453375042890	49.4843214	-1.433216
Nixpe	1453375051145	49.177684799999994	-0.3526088
Tirlo	1453375069009	49.4843214	-1.433216
Nixpe	1453375073508	49.177684799999994	-0.3526088
Nixpe	1453375086612	49.1777033	-0.3525755
Tirlo	1453375088629	49.4843214	-1.433216
Nixpe	1453375099725	49.1777033	-0.3525755
Tirlo	1453375102068	49.4843214	-1.433216
Nixpe	1453375112837	49.1777033	-0.3525755
johann14	1453375220906	48.8625	2.3365
Nixpe	1453375231217	49.1777033	-0.3525755
LILY14	1453375308756	49.2007253	-0.3607948
LILY14	1453375315840	49.2006349	-0.360982
Nixpe	1453375322960	49.1777033	-0.3525755
Nixpe	1453375698574	49.1776821	-0.35258219999999996
Kiki	1453375810194	49.2297473	-0.3033467
Kiki	1453375820420	49.2310783	-0.3032209
Nixpe	1453375828512	49.1776821	-0.35258219999999996
Kiki	1453375831325	49.2312688	-0.3037295
Nixpe	1453375841623	49.1776821	-0.35258219999999996
Kiki	1453375841353	49.2312143	-0.3033744
Nixpe	1453375854731	49.1776821	-0.35258219999999996
Nixpe	1453375985794	49.1776872	-0.3525778
Nixpe	1453376051335	49.1776926	-0.3525733
Nixpe	1453376156183	49.1776869	-0.3526123
Nixpe	1453376261256	49.177689	-0.35256299999999996
JJM 	1453376320478	49.32518107	-0.4255337
Nixpe	1453376326794	49.177689	-0.35256299999999996
JJM 	1453376331475	49.32652465	-0.42526621
Nixpe	1453376339890	49.177689	-0.35256299999999996
JJM 	1453376342472	49.32810812	-0.42497376
JJM 	1453376352489	49.32883379	-0.42491669
Nixpe	1453376353001	49.177689	-0.35256299999999996
JJM 	1453376362496	49.32934675	-0.42486087
Nixpe	1453376366112	49.177689	-0.35256299999999996
JJM 	1453376373497	49.33048999	-0.42447302
Nixpe	1453376379211	49.177689	-0.35256299999999996
JJM 	1453376384498	49.33138553	-0.42394335
Nixpe	1453376392317	49.177689	-0.35256299999999996
JJM 	1453376395502	49.33161582	-0.42247777
JJM 	1453376406496	49.33167485	-0.42183837
Nixpe	1453376405428	49.177689	-0.35256299999999996
Nixpe	1453376510282	49.1776753	-0.35259809999999997
JJM 	1453376648171	49.33261903	-0.39535299
Nixpe	1453376654476	49.1776753	-0.35259809999999997
JJM 	1453376670471	49.33256556	-0.39542538
Nixpe	1453376680680	49.1776827	-0.3525899
amorgos14	1453376690171	49.182863	-0.370679
Nixpe	1453376693781	49.1776827	-0.3525899
amorgos14	1453376717686	49.182863	-0.370679
Nixpe	1453376719995	49.1776827	-0.3525899
amorgos14	1453376737036	49.182863	-0.370679
Nixpe	1453376759329	49.1776827	-0.3525899
pika	1453376801329	49.2266722	-0.3732055
Nixpe	1453376785555	49.1776827	-0.3525899
pika	1453376816151	49.2266885	-0.3732916
Nixpe	1453376798641	49.1776827	-0.3525899
pika	1453376822944	49.2266799	-0.373279
Nixpe	1453376811752	49.1776827	-0.3525899
pika	1453376851473	49.2266799	-0.373279
Nixpe	1453376837961	49.1776827	-0.3525899
Kiki	1453376898267	49.2297473	-0.3033467
Nixpe	1453376903603	49.1776827	-0.3525899
Kiki	1453376972698	49.2297473	-0.3033467
Nixpe	1453376982253	49.1776827	-0.3525899
Kiki	1453376983328	49.2313355	-0.3036139
Kiki	1453376993337	49.2313808	-0.3036521
Nixpe	1453376995349	49.1776827	-0.3525899
aiche	1453377144012	49.163301544465334	-0.3387355280922577
Nixpe	1453377152647	49.1776827	-0.3525899
aiche	1453377154179	49.1633495595764	-0.338805159554201
Nixpe	1453377165744	49.1776827	-0.3525899
aiche	1453377176625	49.1633495595764	-0.338805159554201
Nixpe	1453377178855	49.1776827	-0.3525899
aiche	1453377353413	49.163315864325654	-0.3387790080163058
Nixpe	1453377362353	49.1776827	-0.3525899
aiche	1453377384679	49.163315864325654	-0.3387790080163058
Nixpe	1453377388671	49.1776827	-0.3525899
aiche	1453377395224	49.163301698909294	-0.3387970291081246
Nixpe	1453377401784	49.1776827	-0.3525899
aiche	1453377406221	49.163301698909294	-0.3387970291081246
Nixpe	1453377414896	49.1776827	-0.3525899
aiche	1453377419138	49.163301698909294	-0.3387970291081246
Nixpe	1453377428196	49.1776827	-0.3525899
Nixpe	1453377651025	49.177734199999996	-0.3525448
Nixpe	1453377677235	49.1777221	-0.3526053
Nixpe	1453377729660	49.177694699999996	-0.35260929999999996
Efontaine	1453377983711	49.1409183	-0.449149
Nixpe	1453377992425	49.177694699999996	-0.35260929999999996
Efontaine	1453378144906	49.1425129	-0.419477
Nixpe	1453378150119	49.177694699999996	-0.35260929999999996
Efontaine	1453378156633	49.1438466	-0.4197969
Nixpe	1453378163231	49.177694699999996	-0.35260929999999996
johann14	1453378191211	48.8625	2.3365
Nixpe	1453378202751	49.177694699999996	-0.35260929999999996
cydney3	1453378231206	49.016593399968265	0.11644578579483217
Nixpe	1453378281394	49.177694699999996	-0.35260929999999996
cydney3	1453378242127	49.01679154334605	0.11612882981287401
cydney3	1453378252198	49.01652536511261	0.11637614148946224
Nixpe	1453378307617	49.177694699999996	-0.35260929999999996
cydney3	1453378273193	49.01652536511261	0.11637614148946224
Nixpe	1453378320714	49.177694699999996	-0.35260929999999996
Nixpe	1453378963273	49.1776957	-0.3526251
Nixpe	1453379002801	49.1777533	-0.3525685
Nixpe	1453379042135	49.177695899999996	-0.3525782
Nixpe	1453379068339	49.177701	-0.3525678
Nixpe	1453379160084	49.177692699999994	-0.35258029999999996
LILY14	1453379505875	49.2003061	-0.359864
Nixpe	1453379513991	49.177692699999994	-0.35258029999999996
cindy14	1453379719103	49.1445137	-0.3847564
Nixpe	1453379723708	49.177692699999994	-0.35258029999999996
cindy14	1453379734580	49.1437714	-0.3864512
cindy14	1453379745034	49.1427825	-0.3852131
cindy14	1453379756037	49.1424429	-0.3840517
cindy14	1453379767042	49.1423359	-0.3826705
cindy14	1453379778032	49.1420399	-0.3806966
Nixpe	1453379789437	49.177692699999994	-0.35258029999999996
cindy14	1453379788039	49.1418688	-0.3798027
Nixpe	1453379802555	49.177692699999994	-0.35258029999999996
cindy14	1453379799042	49.1416687	-0.3782702
Nixpe	1453379815649	49.177692699999994	-0.35258029999999996
cindy14	1453379810029	49.141339	-0.3767327
cindy14	1453379820033	49.1402578	-0.3770721
Nixpe	1453379828764	49.177692699999994	-0.35258029999999996
cindy14	1453379830035	49.139526	-0.3773136
cindy14	1453379840050	49.1390425	-0.3762931
cindy14	1453379850981	49.1375249	-0.3761423
Nixpe	1453379854975	49.177692699999994	-0.35258029999999996
cindy14	1453379861036	49.1367815	-0.3763478
Raynato	1453379863753	49.06969315243806	2.750226006431264
cindy14	1453379864963	49.1367242	-0.376543
Nixpe	1453379868093	49.177692699999994	-0.35258029999999996
Raynato	1453379874280	49.05793949966231	2.696663020181187
Nixpe	1453379881192	49.177692699999994	-0.35258029999999996
cindy14	1453379881812	49.1367242	-0.376543
Raynato	1453379885205	49.05790387657383	2.6967364456529697
Nixpe	1453379894293	49.177692699999994	-0.35258029999999996
lejeune	1453380130796	49.212526399999994	-0.3692332
LILY14	1453380140988	49.2002999	-0.3598604
lejeune	1453380150699	49.212526399999994	-0.3692332
LILY14	1453380151358	49.2003045	-0.3598644
lejeune	1453380160720	49.212526399999994	-0.3692332
LILY14	1453380166573	49.2003026	-0.3598648
Nixpe	1453380169760	49.177692699999994	-0.35258029999999996
LILY14	1453380176696	49.20022	-0.3597099
Nixpe	1453380182869	49.177692699999994	-0.35258029999999996
LILY14	1453380186717	49.2001516	-0.359875
Nixpe	1453380195969	49.177692699999994	-0.35258029999999996
LILY14	1453380197612	49.2001316	-0.359865
Nixpe	1453380209082	49.177692699999994	-0.35258029999999996
LILY14	1453380207660	49.2000566	-0.3599
LILY14	1453380217676	49.2000133	-0.3600216
Nixpe	1453380222194	49.177692699999994	-0.35258029999999996
LILY14	1453380228975	49.2000199	-0.360165
Nixpe	1453380235306	49.177692699999994	-0.35258029999999996
LILY14	1453380239664	49.20006	-0.3601883
Nixpe	1453380248392	49.177692699999994	-0.35258029999999996
LILY14	1453380249743	49.2001116	-0.36016
Nixpe	1453380261514	49.177692699999994	-0.35258029999999996
LILY14	1453380260615	49.2001616	-0.3601516
LILY14	1453380270672	49.2001683	-0.360155
Nixpe	1453380274614	49.177692699999994	-0.35258029999999996
LILY14	1453380281597	49.2001416	-0.36023
Nixpe	1453380287722	49.177692699999994	-0.35258029999999996
LILY14	1453380291611	49.2001316	-0.3601733
Nixpe	1453380300837	49.177692699999994	-0.35258029999999996
LILY14	1453380301630	49.2000633	-0.3600133
Nixpe	1453380314137	49.177692699999994	-0.35258029999999996
LILY14	1453380311653	49.2000633	-0.3600133
LILY14	1453380321672	49.2001466	-0.3598883
Nixpe	1453380327254	49.177692699999994	-0.35258029999999996
LILY14	1453380331886	49.2001966	-0.3600333
Nixpe	1453380340350	49.177692699999994	-0.35258029999999996
LILY14	1453380342615	49.20024	-0.3600666
Nixpe	1453380353463	49.177692699999994	-0.35258029999999996
LILY14	1453380353066	49.2003433	-0.36007
Nixpe	1453380366563	49.177692699999994	-0.35258029999999996
LILY14	1453380363610	49.2003716	-0.3599866
LILY14	1453380373618	49.2003566	-0.3599583
Nixpe	1453380379679	49.177692699999994	-0.35258029999999996
LILY14	1453380383639	49.2003566	-0.359965
Nixpe	1453380392778	49.177692699999994	-0.35258029999999996
LILY14	1453380393654	49.2003566	-0.359965
Nixpe	1453380405896	49.177692699999994	-0.35258029999999996
LILY14	1453380403704	49.2003566	-0.359965
Nixpe	1453380418995	49.177692699999994	-0.35258029999999996
LILY14	1453380425609	49.2003433	-0.36005
Nixpe	1453380432107	49.177692699999994	-0.35258029999999996
LILY14	1453380435672	49.2003133	-0.3600133
Nixpe	1453380445219	49.177692699999994	-0.35258029999999996
LILY14	1453380445708	49.200345	-0.3599866
Nixpe	1453380458316	49.177692699999994	-0.35258029999999996
LILY14	1453380456629	49.200345	-0.3599866
LILY14	1453380477279	49.2003533	-0.3598433
Nixpe	1453380484529	49.177692699999994	-0.35258029999999996
LILY14	1453380487599	49.2003966	-0.35985
Nixpe	1453380497641	49.177692699999994	-0.35258029999999996
LILY14	1453380497618	49.2004699	-0.36005
LILY14	1453380507634	49.2005033	-0.3602183
LILY14	1453380517654	49.2005583	-0.360255
Nixpe	1453380523959	49.177692699999994	-0.35258029999999996
LILY14	1453380527680	49.200495	-0.3602516
Nixpe	1453380537057	49.177692699999994	-0.35258029999999996
LILY14	1453380537803	49.2005366	-0.360365
LILY14	1453380548624	49.20059	-0.360335
Nixpe	1453380550175	49.177692699999994	-0.35258029999999996
LILY14	1453380558672	49.2005916	-0.3602499
Nixpe	1453380563271	49.177692699999994	-0.35258029999999996
LILY14	1453380569610	49.2005166	-0.3600649
Nixpe	1453380576382	49.177692699999994	-0.35258029999999996
LILY14	1453380579637	49.2005166	-0.3600649
Nixpe	1453380589503	49.177692699999994	-0.35258029999999996
LILY14	1453380589727	49.2004133	-0.3599199
Nixpe	1453380602805	49.177692699999994	-0.35258029999999996
LILY14	1453380600630	49.2002866	-0.359755
LILY14	1453380610632	49.200275	-0.359755
Nixpe	1453380629016	49.177692699999994	-0.35258029999999996
LILY14	1453380630671	49.2002449	-0.3597283
Nixpe	1453380642126	49.177692699999994	-0.35258029999999996
LILY14	1453380640709	49.20021	-0.3599133
LILY14	1453380651632	49.2002416	-0.3601
Nixpe	1453380655225	49.177692699999994	-0.35258029999999996
LILY14	1453380661652	49.2003049	-0.3602633
Nixpe	1453380668336	49.177692699999994	-0.35258029999999996
LILY14	1453380671654	49.2003349	-0.36034
Nixpe	1453380681451	49.177692699999994	-0.35258029999999996
LILY14	1453380681684	49.2003416	-0.360385
Nixpe	1453380694562	49.177692699999994	-0.35258029999999996
LILY14	1453380692658	49.2002416	-0.3603416
LILY14	1453380702745	49.20021	-0.3603199
Nixpe	1453380707664	49.177692699999994	-0.35258029999999996
LILY14	1453380713639	49.20021	-0.3603199
Nixpe	1453380720762	49.177692699999994	-0.35258029999999996
LILY14	1453380723670	49.2000883	-0.3601916
Nixpe	1453380733881	49.177692699999994	-0.35258029999999996
LILY14	1453380734798	49.2000883	-0.3601916
Nixpe	1453380746980	49.177692699999994	-0.35258029999999996
LILY14	1453380745623	49.2000883	-0.3601916
LILY14	1453380755694	49.2	-0.3601116
Nixpe	1453380760091	49.177692699999994	-0.35258029999999996
LILY14	1453380765720	49.2	-0.3601116
Nixpe	1453380773198	49.177692699999994	-0.35258029999999996
LILY14	1453380776603	49.2000316	-0.36
Nixpe	1453380786312	49.177692699999994	-0.35258029999999996
LILY14	1453380786636	49.2000216	-0.3599516
Nixpe	1453380799411	49.177692699999994	-0.35258029999999996
LILY14	1453380796707	49.2000133	-0.3599816
Nixpe	1453380825634	49.177692699999994	-0.35258029999999996
LILY14	1453380827661	49.2000133	-0.3599816
Nixpe	1453380838731	49.177692699999994	-0.35258029999999996
LILY14	1453380838604	49.2000133	-0.3599816
LILY14	1453380848606	49.2001166	-0.3600566
LILY14	1453380858610	49.20015	-0.3599883
Nixpe	1453380864955	49.1776957	-0.3525562
LILY14	1453380868617	49.20014	-0.3599266
Nixpe	1453380878052	49.1776957	-0.3525562
LILY14	1453380878638	49.20014	-0.3599266
LILY14	1453380888639	49.2001666	-0.3597616
Nixpe	1453380891164	49.1776957	-0.3525562
LILY14	1453380898740	49.2001583	-0.359745
Nixpe	1453380904277	49.1776957	-0.3525562
LILY14	1453380909630	49.2001583	-0.359745
Nixpe	1453380917383	49.1776957	-0.3525562
LILY14	1453380919683	49.2001583	-0.359745
Nixpe	1453380930479	49.1776957	-0.3525562
LILY14	1453380929732	49.2002016	-0.3598949
Nixpe	1453380943591	49.1776957	-0.3525562
LILY14	1453380950738	49.2002016	-0.3598949
Nixpe	1453380956706	49.1776957	-0.3525562
LILY14	1453380961598	49.2002583	-0.3601916
Nixpe	1453380969802	49.1776957	-0.3525562
LILY14	1453380971606	49.2003133	-0.3602233
Nixpe	1453380982913	49.1776957	-0.3525562
LILY14	1453380984783	49.2002797	-0.3598597
Nixpe	1453380996013	49.1776957	-0.3525562
LILY14	1453380995483	49.2002896	-0.3598612
Nixpe	1453381009125	49.1776957	-0.3525562
LILY14	1453381010533	49.2002935	-0.3598618
Nixpe	1453381022239	49.1776957	-0.3525562
LILY14	1453381020623	49.2002944	-0.3598635
LILY14	1453381030682	49.200297	-0.3598632
Nixpe	1453381035346	49.1776957	-0.3525562
LILY14	1453381040763	49.2002992	-0.3598634
Nixpe	1453381048445	49.1776957	-0.3525562
LILY14	1453381050952	49.2003029	-0.3598644
Nixpe	1453381061553	49.1776957	-0.3525562
LILY14	1453381061043	49.2003045	-0.3598658
LILY14	1453381071162	49.2003057	-0.3598677
Nixpe	1453381074672	49.1776957	-0.3525562
LILY14	1453381081197	49.2003048	-0.3598676
Nixpe	1453381087775	49.1776957	-0.3525562
LILY14	1453381091318	49.2003043	-0.3598672
Nixpe	1453381100873	49.1776957	-0.3525562
LILY14	1453381106440	49.2003043	-0.3598674
Nixpe	1453381113978	49.177696499999996	-0.35256350000000003
LILY14	1453381116561	49.2003036	-0.3598678
Nixpe	1453381127090	49.177696499999996	-0.35256350000000003
LILY14	1453381126679	49.2003023	-0.3598669
LILY14	1453381136789	49.2003023	-0.3598668
Nixpe	1453381140204	49.177696499999996	-0.35256350000000003
LILY14	1453381146914	49.2003023	-0.3598667
Nixpe	1453381153301	49.177696499999996	-0.35256350000000003
LILY14	1453381157003	49.2003024	-0.3598675
Nixpe	1453381166413	49.177696499999996	-0.35256350000000003
LILY14	1453381167413	49.2003025	-0.3598672
LILY14	1453381177730	49.2003023	-0.3598683
Nixpe	1453381192621	49.177696499999996	-0.35256350000000003
LILY14	1453381192656	49.2003023	-0.3598694
LILY14	1453381202724	49.2003023	-0.3598692
LILY14	1453381212840	49.200302	-0.3598687
Nixpe	1453381218845	49.177696499999996	-0.35256350000000003
LILY14	1453381223367	49.2003022	-0.35987
Nixpe	1453381231948	49.177696499999996	-0.35256350000000003
LILY14	1453381233403	49.200302	-0.3598733
LILY14	1453381243603	49.2003021	-0.3598737
Nixpe	1453381245064	49.177696499999996	-0.35256350000000003
LILY14	1453381253693	49.200345	-0.3595683
Nixpe	1453381258164	49.177696499999996	-0.35256350000000003
LILY14	1453381264622	49.200355	-0.35988
Nixpe	1453381271265	49.177696499999996	-0.35256350000000003
LILY14	1453381280759	49.2003007	-0.359867
Nixpe	1453381284581	49.177696499999996	-0.35256350000000003
LILY14	1453381291464	49.2003067	-0.3598617
Nixpe	1453381297693	49.177696499999996	-0.35256350000000003
LILY14	1453381301621	49.2002983	-0.35956
Nixpe	1453381310796	49.177696499999996	-0.35256350000000003
LILY14	1453381311924	49.2002666	-0.3596683
LILY14	1453381322569	49.2002083	-0.3597866
Nixpe	1453381323902	49.177696499999996	-0.35256350000000003
LILY14	1453381332717	49.20012	-0.360025
Nixpe	1453381337014	49.177696499999996	-0.35256350000000003
LILY14	1453381342719	49.200005	-0.36011
Nixpe	1453381350329	49.177696499999996	-0.35256350000000003
LILY14	1453381352730	49.2000516	-0.3600183
Nixpe	1453381363429	49.177696499999996	-0.35256350000000003
LILY14	1453381362795	49.2000716	-0.3599566
LILY14	1453381373678	49.2001166	-0.3599283
LILY14	1453381383730	49.2001099	-0.3599883
Nixpe	1453381389652	49.177696499999996	-0.35256350000000003
LILY14	1453381393760	49.2001383	-0.3600166
Nixpe	1453381402758	49.177696499999996	-0.35256350000000003
LILY14	1453381404700	49.2001333	-0.3599933
Nixpe	1453381415869	49.177696499999996	-0.35256350000000003
LILY14	1453381414854	49.2001433	-0.3600216
Nixpe	1453381428968	49.177696499999996	-0.35256350000000003
LILY14	1453381425787	49.2002566	-0.3600399
LILY14	1453381436710	49.2003566	-0.360105
Nixpe	1453381442080	49.177696499999996	-0.35256350000000003
LILY14	1453381446728	49.20042	-0.3601666
Nixpe	1453381455180	49.177696499999996	-0.35256350000000003
LILY14	1453381456750	49.2002783	-0.36008
Nixpe	1453381468292	49.177696499999996	-0.35256350000000003
LILY14	1453381467659	49.2001716	-0.3600166
LILY14	1453381477747	49.2004966	-0.3602416
Nixpe	1453381481404	49.177696499999996	-0.35256350000000003
LILY14	1453381488016	49.20057	-0.360365
Laure1984	1453381375075	49.2745	-0.2596
Nixpe	1453381494500	49.177696499999996	-0.35256350000000003
LILY14	1453381498687	49.2005149	-0.3602949
Nixpe	1453381507612	49.177696499999996	-0.35256350000000003
LILY14	1453381508707	49.200345	-0.3601133
Nixpe	1453381520724	49.177696499999996	-0.35256350000000003
LILY14	1453381519678	49.200345	-0.3601133
Nixpe	1453381547138	49.177696499999996	-0.35256350000000003
LILY14	1453381549721	49.2002366	-0.3602583
Nixpe	1453381560248	49.177696499999996	-0.35256350000000003
LILY14	1453381560681	49.2002316	-0.36024
Nixpe	1453381573453	49.177696499999996	-0.35256350000000003
LILY14	1453381580698	49.20027	-0.3603716
Nixpe	1453381586567	49.177696499999996	-0.35256350000000003
LILY14	1453381602966	49.2003151	-0.3598692
Nixpe	1453381612780	49.177696499999996	-0.35256350000000003
LILY14	1453381613999	49.2003173	-0.3598676
Nixpe	1453381625883	49.177696499999996	-0.35256350000000003
LILY14	1453381628910	49.2003174	-0.3598646
Nixpe	1453381638987	49.177696499999996	-0.35256350000000003
LILY14	1453381639067	49.2003163	-0.3598623
LILY14	1453381649196	49.2003154	-0.3598618
Nixpe	1453381652099	49.177696499999996	-0.35256350000000003
LILY14	1453381659255	49.2003161	-0.3598613
Nixpe	1453381665210	49.177696499999996	-0.35256350000000003
LILY14	1453381669668	49.20046	-0.3600416
Nixpe	1453381678310	49.177696499999996	-0.35256350000000003
LILY14	1453381679686	49.2004633	-0.3601783
LILY14	1453381689747	49.2004016	-0.36016
Nixpe	1453381691422	49.177696499999996	-0.35256350000000003
LILY14	1453381699798	49.2004016	-0.36027
Nixpe	1453381704533	49.177696499999996	-0.35256350000000003
LILY14	1453381710736	49.2003383	-0.3602516
Nixpe	1453381717742	49.177696499999996	-0.35256350000000003
LILY14	1453381720756	49.2003166	-0.3602333
Nixpe	1453381730844	49.177696499999996	-0.35256350000000003
LILY14	1453381731708	49.2003049	-0.3603416
Nixpe	1453381743958	49.177696499999996	-0.35256350000000003
LILY14	1453381742730	49.200225	-0.3603816
LILY14	1453381752788	49.2001966	-0.36022
LILY14	1453381762827	49.200195	-0.3602166
Nixpe	1453381770167	49.177696499999996	-0.35256350000000003
LILY14	1453381773715	49.200185	-0.3600416
Emilyfoot	1453381782993	49.0218428	-0.4291293
LILY14	1453381783738	49.2002533	-0.3598966
Emilyfoot	1453381785543	49.0218396	-0.4291413
Nixpe	1453381796782	49.177696499999996	-0.35256350000000003
LILY14	1453381794754	49.20032	-0.3598883
LILY14	1453381804760	49.2003183	-0.35988
Nixpe	1453381809893	49.177696499999996	-0.35256350000000003
Emilyfoot	1453381816346	49.0218396	-0.4291413
LILY14	1453381815660	49.2002516	-0.3598233
Emilyfoot	1453381821737	49.0218396	-0.4291413
LILY14	1453381825695	49.2002516	-0.3598233
Nixpe	1453381836108	49.177696499999996	-0.35256350000000003
LILY14	1453381835737	49.2002516	-0.3598233
Nixpe	1453381849219	49.177696499999996	-0.35256350000000003
LILY14	1453381846688	49.2002516	-0.3598233
Nixpe	1453381862334	49.177696499999996	-0.35256350000000003
LILY14	1453381866780	49.2003016	-0.3599516
Nixpe	1453381875433	49.177696499999996	-0.35256350000000003
LILY14	1453381877696	49.2003016	-0.359955
Nixpe	1453381888638	49.177696499999996	-0.35256350000000003
LILY14	1453381887713	49.2003016	-0.359955
LILY14	1453381897720	49.2001983	-0.3598866
LILY14	1453381907723	49.2001316	-0.3600183
Nixpe	1453381914850	49.177696499999996	-0.35256350000000003
LILY14	1453381918670	49.2000349	-0.3603966
Nixpe	1453381927961	49.177696499999996	-0.35256350000000003
LILY14	1453381928697	49.199935	-0.3605833
LILY14	1453381938922	49.2000199	-0.3604583
Nixpe	1453381941073	49.177696499999996	-0.35256350000000003
LILY14	1453381949668	49.2001266	-0.3603133
Nixpe	1453381954384	49.177696499999996	-0.35256350000000003
LILY14	1453381959688	49.2003616	-0.3598916
Nixpe	1453381967500	49.177696499999996	-0.35256350000000003
LILY14	1453381970327	49.2003349	-0.3597983
Nixpe	1453381980597	49.1776894	-0.3526125
LILY14	1453381981402	49.2003166	-0.3597983
LILY14	1453381991709	49.20021	-0.3597266
LILY14	1453382001713	49.2002016	-0.3597383
lejeune	1453382003733	49.212519699999994	-0.3692064
LILY14	1453382011760	49.2001633	-0.35995
Nixpe	1453382019911	49.177248	-0.35313819999999996
LILY14	1453382022745	49.2001333	-0.3600616
Nixpe	1453382033022	49.17769	-0.3525584
LILY14	1453382033710	49.2001249	-0.360075
Nixpe	1453382046137	49.17769	-0.3525584
LILY14	1453382044672	49.2002666	-0.3600533
LILY14	1453382054750	49.200325	-0.360085
Nixpe	1453382059238	49.17769	-0.3525584
LILY14	1453382064844	49.2003266	-0.3602166
Nixpe	1453382072350	49.17769	-0.3525584
LILY14	1453382075702	49.2003483	-0.36011
Nixpe	1453382085462	49.17769	-0.3525584
LILY14	1453382085804	49.200375	-0.3599483
Nixpe	1453382098557	49.17769	-0.3525584
LILY14	1453382096951	49.200375	-0.3599483
LILY14	1453382107644	49.200265	-0.3598183
Nixpe	1453382124785	49.17769	-0.3525584
LILY14	1453382128131	49.2002466	-0.3597933
Nixpe	1453382137884	49.17769	-0.3525584
LILY14	1453382138676	49.2002466	-0.3597933
LILY14	1453382148743	49.2001916	-0.3599183
Nixpe	1453382150996	49.17769	-0.3525584
LILY14	1453382159671	49.2001033	-0.3600149
Nixpe	1453382164091	49.17769	-0.3525584
LILY14	1453382170107	49.2000616	-0.3600166
Nixpe	1453382177202	49.17769	-0.3525584
LILY14	1453382180706	49.1996983	-0.3598583
Nixpe	1453382190318	49.17769	-0.3525584
LILY14	1453382190748	49.19979	-0.36014
Nixpe	1453382203415	49.17769	-0.3525584
LILY14	1453382201695	49.1997649	-0.3599566
LILY14	1453382211744	49.2001616	-0.3599966
Nixpe	1453382216528	49.17769	-0.3525584
LILY14	1453382222937	49.2002599	-0.3599133
Nixpe	1453382229631	49.17769	-0.3525584
LILY14	1453382233708	49.2002383	-0.35985
Nixpe	1453382242745	49.17769	-0.3525584
LILY14	1453382243715	49.2002233	-0.35986
Nixpe	1453382255841	49.17769	-0.3525584
LILY14	1453382254711	49.2002683	-0.3600333
LILY14	1453382264716	49.200345	-0.3600133
Nixpe	1453382268955	49.17769	-0.3525584
LILY14	1453382274720	49.2003083	-0.3599383
Nixpe	1453382282069	49.17769	-0.3525584
LILY14	1453382284725	49.20021	-0.35983
Nixpe	1453382295168	49.17769	-0.3525584
LILY14	1453382295699	49.20021	-0.35983
LILY14	1453382305715	49.2002183	-0.3596616
Nixpe	1453382308284	49.17769	-0.3525584
LILY14	1453382316703	49.2002533	-0.35966
Nixpe	1453382321376	49.17769	-0.3525584
LILY14	1453382326731	49.2002866	-0.3596083
Nixpe	1453382334490	49.17769	-0.3525584
LILY14	1453382337700	49.2003183	-0.3595883
Nixpe	1453382347592	49.17769	-0.3525584
LILY14	1453382347716	49.200285	-0.3595833
LILY14	1453382357722	49.2002266	-0.3595966
Nixpe	1453382360720	49.17769	-0.3525584
LILY14	1453382367726	49.2002316	-0.359605
Nixpe	1453382373817	49.17769	-0.3525584
LILY14	1453382378703	49.2002316	-0.359605
Nixpe	1453382386914	49.17769	-0.3525584
LILY14	1453382388727	49.2002316	-0.359605
Nixpe	1453382400022	49.17769	-0.3525584
LILY14	1453382398811	49.2003183	-0.3597016
Nixpe	1453382413137	49.17769	-0.3525584
LILY14	1453382409664	49.2002716	-0.359725
LILY14	1453382419691	49.2001516	-0.3597033
Nixpe	1453382439345	49.17769	-0.3525584
LILY14	1453382439725	49.2002416	-0.359775
Nixpe	1453382452457	49.17769	-0.3525584
LILY14	1453382460732	49.200435	-0.35983
Nixpe	1453382465569	49.17769	-0.3525584
LILY14	1453382471718	49.20059	-0.3599483
Nixpe	1453382478868	49.17769	-0.3525584
LILY14	1453382481766	49.20067	-0.3599916
Nixpe	1453382491976	49.17769	-0.3525584
LILY14	1453382492779	49.2009366	-0.3602016
Nixpe	1453382505088	49.17769	-0.3525584
LILY14	1453382503689	49.2011183	-0.3604433
Nixpe	1453382518201	49.17769	-0.3525584
LILY14	1453382518020	49.2003267	-0.3598685
Nixpe	1453382531296	49.17769	-0.3525584
LILY14	1453382529085	49.2003097	-0.3598539
LILY14	1453382539282	49.2003119	-0.3598558
Nixpe	1453382544409	49.17769	-0.3525584
LILY14	1453382549695	49.200835	-0.3604883
Nixpe	1453382557513	49.17769	-0.3525584
LILY14	1453382559744	49.2007366	-0.3603216
Nixpe	1453382570624	49.17769	-0.3525584
LILY14	1453382579513	49.2003036	-0.3599242
Nixpe	1453382583731	49.17769	-0.3525584
LILY14	1453382589802	49.2003071	-0.3598803
Nixpe	1453382596832	49.17769	-0.3525584
LILY14	1453382604991	49.200307	-0.3598671
Nixpe	1453382609943	49.1776883	-0.3525619
LILY14	1453382615053	49.2003096	-0.3598643
Nixpe	1453382623056	49.1776883	-0.3525619
LILY14	1453382625615	49.2003081	-0.3598652
Nixpe	1453382636168	49.1776883	-0.3525619
LILY14	1453382635798	49.200311	-0.3598638
Nixpe	1453382649278	49.1776883	-0.3525619
LILY14	1453382650852	49.200312	-0.3598634
LILY14	1453382661087	49.2003124	-0.3598633
Nixpe	1453382662376	49.177692199999996	-0.35259260000000003
LILY14	1453382676302	49.2003134	-0.3598642
Nixpe	1453382688587	49.177692199999996	-0.35259260000000003
LILY14	1453382686541	49.2003121	-0.3598622
LILY14	1453382696685	49.2004	-0.359775
LILY14	1453382706693	49.2002449	-0.35973
Nixpe	1453382714810	49.177692199999996	-0.35259260000000003
LILY14	1453382716701	49.2001683	-0.3597266
Nixpe	1453382727912	49.177692199999996	-0.35259260000000003
LILY14	1453382726741	49.2000833	-0.3597616
LILY14	1453382737644	49.2000266	-0.3598266
LILY14	1453382747730	49.1999833	-0.359795
Nixpe	1453382754130	49.177692199999996	-0.35259260000000003
LILY14	1453382757733	49.1998283	-0.3596833
Nixpe	1453382767228	49.177692199999996	-0.35259260000000003
LILY14	1453382767770	49.1996449	-0.35956
Nixpe	1453382780340	49.177685399999994	-0.3525773
LILY14	1453382791128	49.1995216	-0.3595316
LILY14	1453382801509	49.2003206	-0.3598655
Nixpe	1453382806656	49.177685399999994	-0.3525773
LILY14	1453382811919	49.200316	-0.359861
Nixpe	1453382819758	49.177685399999994	-0.3525773
LILY14	1453382822058	49.2003163	-0.3598629
LILY14	1453382832256	49.200316	-0.3598646
LILY14	1453382842327	49.2003145	-0.3598639
Nixpe	1453382845976	49.177685399999994	-0.3525773
LILY14	1453382857363	49.2003133	-0.359862
LILY14	1453382867433	49.2003126	-0.3598618
Nixpe	1453382872194	49.177685399999994	-0.3525773
LILY14	1453382877643	49.2003077	-0.3598626
Nixpe	1453382885299	49.177685399999994	-0.3525773
LILY14	1453382887756	49.2003073	-0.3598613
Nixpe	1453382898409	49.177685399999994	-0.3525773
LILY14	1453382897884	49.200307	-0.3598621
LILY14	1453382908119	49.2003081	-0.3598626
Nixpe	1453382911519	49.177685399999994	-0.3525773
LILY14	1453382923114	49.2003084	-0.3598618
LILY14	1453382933225	49.2003087	-0.3598616
LILY14	1453382943724	49.2003091	-0.3598614
Nixpe	1453382950841	49.177685399999994	-0.3525773
LILY14	1453382958468	49.2003092	-0.3598605
Nixpe	1453382963937	49.177685399999994	-0.3525773
LILY14	1453382968908	49.2003081	-0.3598595
Nixpe	1453382977048	49.177685399999994	-0.3525773
LILY14	1453382979173	49.2003072	-0.3598583
Nixpe	1453382990160	49.177685399999994	-0.3525773
LILY14	1453382989296	49.2003069	-0.3598578
LILY14	1453382999544	49.2003065	-0.3598571
Nixpe	1453383003257	49.177685399999994	-0.3525773
LILY14	1453383014521	49.2003055	-0.3598572
LILY14	1453383024532	49.2003057	-0.3598568
Nixpe	1453383029476	49.177685399999994	-0.3525773
LILY14	1453383034798	49.1998416	-0.3597816
Nixpe	1453383042587	49.177685399999994	-0.3525773
LILY14	1453383045324	49.1997949	-0.3595933
Nixpe	1453383055690	49.177685399999994	-0.3525773
LILY14	1453383055670	49.2000333	-0.3598416
Nixpe	1453383068806	49.177685399999994	-0.3525773
LILY14	1453383072974	49.20014	-0.3598866
Nixpe	1453383081900	49.177685399999994	-0.3525773
LILY14	1453383084076	49.2003112	-0.3598516
Nixpe	1453383095012	49.177685399999994	-0.3525773
LILY14	1453383094080	49.2003061	-0.3598491
LILY14	1453383104202	49.2002994	-0.3598446
Nixpe	1453383108117	49.177685399999994	-0.3525773
LILY14	1453383114684	49.2002994	-0.359846
Nixpe	1453383121224	49.177685399999994	-0.3525773
LILY14	1453383129453	49.2003042	-0.3598504
Emilyfoot	1453383134601	49.0214158	-0.4291112
LILY14	1453383139503	49.200306	-0.3598521
Emilyfoot	1453383145991	49.0228047	-0.4268094
Nixpe	1453383147438	49.177685399999994	-0.3525773
LILY14	1453383149954	49.2003082	-0.3598528
Emilyfoot	1453383155995	49.0228769	-0.4261299
LILY14	1453383160049	49.200306	-0.3598531
LILY14	1453383170203	49.2003077	-0.3598539
Emilyfoot	1453383172557	49.0235313	-0.4256891
Emilyfoot	1453383174451	49.0254503	-0.4246193
LILY14	1453383180500	49.2003075	-0.3598546
Nixpe	1453383186765	49.177685399999994	-0.3525773
LILY14	1453383195413	49.2003095	-0.3598545
Nixpe	1453383199868	49.177685399999994	-0.3525773
LILY14	1453383205414	49.200311	-0.3598554
Nixpe	1453383212983	49.177685399999994	-0.3525773
LILY14	1453383215595	49.2003112	-0.359856
Emilyfoot	1453383217344	49.0254503	-0.4246193
LILY14	1453383225692	49.2003116	-0.3598566
LILY14	1453383235833	49.2003118	-0.3598569
Nixpe	1453383239192	49.177685399999994	-0.3525773
LILY14	1453383246888	49.2003124	-0.3598573
Nixpe	1453383252309	49.177685399999994	-0.3525773
LILY14	1453383260952	49.2003132	-0.3598576
Nixpe	1453383265405	49.177685399999994	-0.3525773
LILY14	1453383271146	49.2003138	-0.3598581
Nixpe	1453383278510	49.177685399999994	-0.3525773
LILY14	1453383283694	49.2001116	-0.3594833
Nixpe	1453383291619	49.177685399999994	-0.3525773
LILY14	1453383293963	49.200205	-0.35946
Nixpe	1453383304738	49.177685399999994	-0.3525773
Emilyfoot	1453383309135	49.1381311	-0.3729735
LILY14	1453383311756	49.1998099	-0.35905
Emilyfoot	1453383319450	49.0586631	-0.4036758
LILY14	1453383321807	49.20009	-0.3592183
Nixpe	1453383330951	49.177685399999994	-0.3525773
LILY14	1453383332673	49.2004016	-0.359495
Emilyfoot	1453383330251	49.0602583	-0.400943
LILY14	1453383344963	49.20054	-0.3595983
Nixpe	1453383357363	49.177685399999994	-0.3525773
LILY14	1453383362021	49.2005766	-0.359655
Nixpe	1453383370474	49.177685399999994	-0.3525773
LILY14	1453383372545	49.2003166	-0.3598585
Nixpe	1453383383587	49.177685399999994	-0.3525773
LILY14	1453383387796	49.2003133	-0.3598621
Nixpe	1453383396694	49.177685399999994	-0.3525773
LILY14	1453383397912	49.2003179	-0.3598629
Nixpe	1453383409797	49.177685399999994	-0.3525773
Emilyfoot	1453383410977	49.0714005	-0.3808029
LILY14	1453383412845	49.200321	-0.3598629
Emilyfoot	1453383414658	49.0714005	-0.3808029
Nixpe	1453383422894	49.177685399999994	-0.3525773
Emilyfoot	1453383421989	49.0714005	-0.3808029
LILY14	1453383423143	49.2003224	-0.3598641
Emilyfoot	1453383425021	49.0714005	-0.3808029
LILY14	1453383433177	49.2003239	-0.3598633
Nixpe	1453383436007	49.177685399999994	-0.3525773
LILY14	1453383448225	49.2003238	-0.3598641
LILY14	1453383458362	49.200323	-0.3598633
Nixpe	1453383462222	49.177685399999994	-0.3525773
LILY14	1453383473640	49.2003213	-0.3598638
Emilyfoot	1453383483285	49.0794412	-0.3512646
LILY14	1453383488686	49.2003217	-0.3598643
Emilyfoot	1453383494284	49.0817925	-0.3474562
Nixpe	1453383501537	49.177685399999994	-0.3525773
LILY14	1453383503705	49.2003212	-0.3598654
Emilyfoot	1453383505276	49.0843556	-0.3440198
LILY14	1453383513820	49.2003214	-0.3598653
Emilyfoot	1453383515340	49.0867109	-0.3418425
LILY14	1453383523926	49.2003209	-0.3598646
Nixpe	1453383527764	49.177685399999994	-0.3525773
Emilyfoot	1453383526268	49.0895717	-0.3401954
LILY14	1453383533968	49.2003196	-0.3598637
Emilyfoot	1453383536270	49.0923222	-0.3393044
LILY14	1453383544070	49.200318	-0.3598639
Nixpe	1453383553972	49.177685399999994	-0.3525773
LILY14	1453383554137	49.2003173	-0.3598643
LILY14	1453383564402	49.2003182	-0.3598643
Nixpe	1453383567072	49.177685399999994	-0.3525773
LILY14	1453383574617	49.2003183	-0.3598642
Nixpe	1453383580192	49.177685399999994	-0.3525773
LILY14	1453383589671	49.2003181	-0.3598642
Emilyfoot	1453383591243	49.1027401	-0.3309188
LILY14	1453383600021	49.2003175	-0.3598651
Emilyfoot	1453383601261	49.1032844	-0.3270641
Nixpe	1453383606405	49.177685399999994	-0.3525773
Emilyfoot	1453383611294	49.1036758	-0.3231232
LILY14	1453383614815	49.2003182	-0.3598653
Emilyfoot	1453383620809	49.1039148	-0.3201965
LILY14	1453383625099	49.200318	-0.3598652
Nixpe	1453383632615	49.177685399999994	-0.3525773
LILY14	1453383635173	49.2003183	-0.3598652
Nixpe	1453383645727	49.177685399999994	-0.3525773
Emilyfoot	1453383645228	49.1039148	-0.3201965
LILY14	1453383645396	49.2003184	-0.3598651
LILY14	1453383655700	49.2003183	-0.3598653
Emilyfoot	1453383666236	49.1039148	-0.3201965
LILY14	1453383670711	49.2003183	-0.3598653
LILY14	1453383680827	49.200318	-0.3598652
Emilyfoot	1453383684004	49.0945064	-0.3095973
Nixpe	1453383685052	49.177685399999994	-0.3525773
Emilyfoot	1453383694946	49.0920743	-0.3080885
Nixpe	1453383698149	49.177685399999994	-0.3525773
LILY14	1453383695871	49.2003177	-0.3598647
LILY14	1453383705988	49.2003176	-0.3598647
Emilyfoot	1453383704993	49.0896534	-0.3067774
Emilyfoot	1453383715304	49.0880659	-0.306574
LILY14	1453383716168	49.2003177	-0.3598647
Nixpe	1453383724365	49.177685399999994	-0.3525773
LILY14	1453383726278	49.2003176	-0.3598644
Emilyfoot	1453383726297	49.088428	-0.3086569
LILY14	1453383736315	49.2003178	-0.3598645
LILY14	1453383746407	49.2003176	-0.3598644
Nixpe	1453383750574	49.177685399999994	-0.3525773
Nixpe	1453383763686	49.1777014	-0.35254779999999997
LILY14	1453383761477	49.2003173	-0.3598643
LILY14	1453383771962	49.2003174	-0.3598644
LILY14	1453383782034	49.2003175	-0.3598644
Nixpe	1453383789908	49.1777014	-0.35254779999999997
Emilyfoot	1453383792084	49.0948415	-0.298066
LILY14	1453383792163	49.2003173	-0.3598644
Emilyfoot	1453383794402	49.0948901	-0.2976297
Nixpe	1453383803010	49.1777014	-0.35254779999999997
LILY14	1453383802477	49.2003175	-0.3598644
LILY14	1453383812576	49.2003177	-0.3598643
Nixpe	1453383816122	49.1777014	-0.35254779999999997
LILY14	1453383822834	49.2003177	-0.3598643
Nixpe	1453383829218	49.1777014	-0.35254779999999997
LILY14	1453383833032	49.2003178	-0.3598642
Nixpe	1453383842536	49.1777014	-0.35254779999999997
LILY14	1453383843184	49.2003182	-0.3598643
Nixpe	1453383855647	49.1777014	-0.35254779999999997
LILY14	1453383858172	49.2003184	-0.3598641
Nixpe	1453383868746	49.1777014	-0.35254779999999997
LILY14	1453383868568	49.2003189	-0.359864
LILY14	1453383878650	49.200319	-0.359864
Nixpe	1453383881857	49.1777014	-0.35254779999999997
LILY14	1453383894128	49.2003194	-0.359864
LILY14	1453383904315	49.2003196	-0.3598641
Nixpe	1453383908066	49.1777014	-0.35254779999999997
LILY14	1453383919352	49.20032	-0.3598641
LILY14	1453383929848	49.2003202	-0.3598642
Nixpe	1453383934284	49.1777014	-0.35254779999999997
LILY14	1453383944696	49.2003201	-0.3598642
Nixpe	1453383947395	49.1777014	-0.35254779999999997
LILY14	1453383954831	49.2003201	-0.359864
Nixpe	1453383960507	49.1777014	-0.35254779999999997
LILY14	1453383964867	49.2003199	-0.3598637
Nixpe	1453383973610	49.1777014	-0.35254779999999997
LILY14	1453383974934	49.2003195	-0.3598633
Nixpe	1453383986723	49.1777014	-0.35254779999999997
LILY14	1453383985275	49.2003196	-0.3598631
Nixpe	1453383999827	49.1777014	-0.35254779999999997
LILY14	1453384000226	49.2003194	-0.359863
LILY14	1453384010337	49.2003187	-0.3598627
Nixpe	1453384012931	49.1777014	-0.35254779999999997
LILY14	1453384020530	49.2003189	-0.3598628
Nixpe	1453384026044	49.1777014	-0.35254779999999997
LILY14	1453384030563	49.2003187	-0.3598629
Nixpe	1453384039149	49.1777014	-0.35254779999999997
LILY14	1453384040596	49.2003185	-0.359863
Nixpe	1453384052261	49.1777014	-0.35254779999999997
LILY14	1453384050748	49.2003186	-0.3598629
LILY14	1453384060826	49.2003185	-0.3598628
Nixpe	1453384065359	49.1777014	-0.35254779999999997
LILY14	1453384070946	49.2003185	-0.3598627
Nixpe	1453384078460	49.1777014	-0.35254779999999997
LILY14	1453384081194	49.2003183	-0.3598626
Nixpe	1453384091581	49.1777014	-0.35254779999999997
LILY14	1453384096640	49.2003183	-0.3598626
Nixpe	1453384104687	49.1777014	-0.35254779999999997
LILY14	1453384111296	49.2003186	-0.3598625
Nixpe	1453384117785	49.1777014	-0.35254779999999997
LILY14	1453384121420	49.2003187	-0.3598624
Nixpe	1453384130896	49.1777014	-0.35254779999999997
LILY14	1453384131595	49.2003189	-0.3598625
LILY14	1453384141932	49.2003189	-0.3598624
Nixpe	1453384143999	49.1777014	-0.35254779999999997
LILY14	1453384156988	49.2003189	-0.3598623
Emilyfoot	1453384167787	49.1274191	-0.2131251
LILY14	1453384167225	49.200319	-0.3598623
Nixpe	1453384170219	49.1777014	-0.35254779999999997
Emilyfoot	1453384178265	49.1267562	-0.211559
Nixpe	1453384183333	49.1777014	-0.35254779999999997
LILY14	1453384182229	49.200319	-0.3598623
Emilyfoot	1453384189239	49.1261134	-0.2101419
LILY14	1453384192273	49.200319	-0.3598622
Emilyfoot	1453384199264	49.1255671	-0.2089438
LILY14	1453384202621	49.200319	-0.3598621
Emilyfoot	1453384209268	49.1249871	-0.2076804
LILY14	1453384217555	49.2003192	-0.3598619
Emilyfoot	1453384220188	49.1243783	-0.2062702
LILY14	1453384227631	49.2003192	-0.3598619
Emilyfoot	1453384230230	49.1238312	-0.204834
LILY14	1453384237756	49.2003191	-0.3598619
Emilyfoot	1453384240260	49.1234018	-0.2034478
LILY14	1453384247770	49.2003191	-0.3598619
Emilyfoot	1453384250464	49.1232602	-0.2027492
LILY14	1453384257965	49.2003192	-0.359862
Emilyfoot	1453384259658	49.1229822	-0.2017569
Nixpe	1453384262267	49.1776871	-0.352614
LILY14	1453384272839	49.2003191	-0.359862
LILY14	1453384283313	49.2003192	-0.359862
Nixpe	1453384288693	49.1776871	-0.352614
LILY14	1453384293660	49.2002583	-0.3595899
Nixpe	1453384301804	49.1776871	-0.352614
LILY14	1453384303694	49.2002166	-0.3595383
Nixpe	1453384314915	49.1776871	-0.352614
LILY14	1453384313743	49.2003066	-0.3596316
LILY14	1453384324701	49.2004	-0.3596083
Nixpe	1453384328011	49.1776871	-0.352614
LILY14	1453384339695	49.2006649	-0.359925
LILY14	1453384349770	49.2008983	-0.3599716
Nixpe	1453384354234	49.1776871	-0.352614
LILY14	1453384360731	49.2011683	-0.3598683
Nixpe	1453384367337	49.1776871	-0.352614
LILY14	1453384371687	49.2014166	-0.3598016
Nixpe	1453384380439	49.1776871	-0.352614
LILY14	1453384383671	49.2015866	-0.3597849
Nixpe	1453384393551	49.1776871	-0.352614
LILY14	1453384399886	49.2016516	-0.3597716
Nixpe	1453384406650	49.1776871	-0.352614
LILY14	1453384410738	49.2003192	-0.3598771
Nixpe	1453384419762	49.1776871	-0.352614
LILY14	1453384420756	49.2003196	-0.3598666
Nixpe	1453384432875	49.1776871	-0.352614
LILY14	1453384431186	49.2003206	-0.3598653
Nixpe	1453384445988	49.1776871	-0.352614
LILY14	1453384445927	49.2003155	-0.3598659
Emilyfoot	1453384450966	49.1166417	-0.1656758
LILY14	1453384456109	49.2003143	-0.3598658
Nixpe	1453384459084	49.1776871	-0.352614
Emilyfoot	1453384461267	49.1162358	-0.1627907
LILY14	1453384466243	49.2003167	-0.3598644
Emilyfoot	1453384472259	49.1157577	-0.1602469
LILY14	1453384476297	49.2003161	-0.3598644
Emilyfoot	1453384485293	49.1153291	-0.1575961
LILY14	1453384486317	49.2003118	-0.359863
Emilyfoot	1453384496254	49.1151724	-0.1549073
LILY14	1453384496511	49.2003108	-0.3598634
LILY14	1453384506748	49.2003117	-0.3598636
Emilyfoot	1453384507206	49.1165173	-0.1521494
Nixpe	1453384524623	49.1776871	-0.352614
LILY14	1453384522009	49.2003135	-0.3598636
Emilyfoot	1453384523300	49.1195999	-0.1485751
LILY14	1453384532048	49.2003134	-0.3598631
Emilyfoot	1453384534248	49.1203509	-0.1447503
LILY14	1453384542247	49.2003143	-0.3598634
Emilyfoot	1453384545247	49.1210476	-0.1407865
Emilyfoot	1453384549027	49.121257	-0.1396775
LILY14	1453384552487	49.2003783	-0.3598966
LILY14	1453384562725	49.200385	-0.360075
LILY14	1453384572797	49.2003433	-0.3599883
Emilyfoot	1453384578922	49.121257	-0.1396775
LILY14	1453384582832	49.2003216	-0.359875
Nixpe	1453384590161	49.1776883	-0.3525272
LILY14	1453384593729	49.2003216	-0.359875
Nixpe	1453384603273	49.1776978	-0.352555
LILY14	1453384603736	49.2003216	-0.359875
Nixpe	1453384616574	49.1776978	-0.352555
LILY14	1453384613769	49.2003216	-0.359875
LILY14	1453384624691	49.2003133	-0.3601983
Nixpe	1453384629683	49.1776978	-0.352555
LILY14	1453384634715	49.2003116	-0.3603333
Nixpe	1453384642795	49.1776978	-0.352555
LILY14	1453384644797	49.20023	-0.3600483
Nixpe	1453384655892	49.1776978	-0.352555
LILY14	1453384655663	49.20023	-0.3600483
LILY14	1453384665701	49.2004183	-0.3599966
LILY14	1453384675726	49.20049	-0.3598866
Nixpe	1453384682113	49.1776978	-0.352555
LILY14	1453384686627	49.2003966	-0.3597166
Nixpe	1453384695227	49.1776978	-0.352555
LILY14	1453384696661	49.200415	-0.3595399
Nixpe	1453384708324	49.1776978	-0.352555
LILY14	1453384706713	49.2003816	-0.35946
LILY14	1453384716742	49.2003366	-0.3594416
Nixpe	1453384721441	49.1776978	-0.352555
LILY14	1453384727676	49.20033	-0.3595533
Nixpe	1453384734541	49.1776978	-0.352555
LILY14	1453384738912	49.2003166	-0.359345
Nixpe	1453384747655	49.1776978	-0.352555
LILY14	1453384749702	49.200315	-0.3593833
Nixpe	1453384760751	49.1776978	-0.352555
LILY14	1453384759715	49.2003133	-0.3594216
Nixpe	1453384773863	49.1776978	-0.352555
LILY14	1453384770656	49.2003133	-0.3594216
LILY14	1453384780732	49.2003066	-0.3592866
Nixpe	1453384786971	49.1776978	-0.352555
LILY14	1453384791619	49.2003349	-0.3593783
Nixpe	1453384800082	49.1776978	-0.352555
LILY14	1453384810918	49.2003316	-0.3593866
LILY14	1453384821610	49.2002965	-0.359856
Nixpe	1453384826289	49.1776978	-0.352555
LILY14	1453384831678	49.2002968	-0.3598593
Nixpe	1453384839401	49.1776978	-0.352555
LILY14	1453384847094	49.2002996	-0.3598565
Nixpe	1453384852501	49.1776978	-0.352555
LILY14	1453384857271	49.2002999	-0.359856
Nixpe	1453384865616	49.1776978	-0.352555
LILY14	1453384870116	49.2003416	-0.35953
Nixpe	1453384878728	49.1776978	-0.352555
LILY14	1453384883271	49.2003023	-0.3598564
Nixpe	1453384891820	49.1776978	-0.352555
LILY14	1453384898112	49.2003042	-0.3598578
Nixpe	1453384904938	49.1776978	-0.352555
LILY14	1453384913092	49.2003041	-0.3598578
Nixpe	1453384918037	49.1776978	-0.352555
LILY14	1453384923279	49.2003041	-0.3598576
Nixpe	1453384931149	49.1776978	-0.352555
LILY14	1453384933358	49.2003046	-0.3598577
Nixpe	1453384944254	49.1776978	-0.352555
Efontaine	1453384952064	49.154803	-0.3324749
LILY14	1453384948376	49.2003045	-0.3598578
Nixpe	1453384957367	49.1776978	-0.352555
LILY14	1453384958515	49.2003048	-0.3598577
Nixpe	1453384970479	49.1776978	-0.352555
LILY14	1453384968660	49.1998283	-0.359415
LILY14	1453384978714	49.2003083	-0.3601083
Nixpe	1453384983684	49.1776978	-0.352555
LILY14	1453384988887	49.2001766	-0.3599016
Nixpe	1453384996785	49.1776978	-0.352555
Emilyfoot	1453384996465	49.1394435	-0.0240312
LILY14	1453384999636	49.200025	-0.359705
Emilyfoot	1453385001657	49.1399625	-0.0202036
Nixpe	1453385009888	49.1776978	-0.352555
LILY14	1453385009693	49.1999516	-0.35977
Emilyfoot	1453385018043	49.1399625	-0.0202036
LILY14	1453385019706	49.1998183	-0.3599016
Nixpe	1453385023005	49.1776978	-0.352555
LILY14	1453385029889	49.1998266	-0.3598766
Nixpe	1453385036117	49.1776978	-0.352555
LILY14	1453385041362	49.19988	-0.3599516
Nixpe	1453385049218	49.1776978	-0.352555
LILY14	1453385051684	49.19983	-0.360205
Nixpe	1453385062317	49.1776978	-0.352555
LILY14	1453385061970	49.1998849	-0.3606283
LILY14	1453385072681	49.1999933	-0.3606499
Nixpe	1453385075435	49.1776978	-0.352555
LILY14	1453385082707	49.2001666	-0.3605233
Nixpe	1453385088546	49.1776978	-0.352555
LILY14	1453385094706	49.2002583	-0.3602883
Nixpe	1453385101742	49.1776978	-0.352555
LILY14	1453385105647	49.20031	-0.3599466
Nixpe	1453385115063	49.1776978	-0.352555
LILY14	1453385115717	49.200345	-0.3598333
LILY14	1453385125722	49.2003183	-0.3598416
Nixpe	1453385128166	49.1776978	-0.352555
LILY14	1453385286031	49.2003096	-0.3598666
Nixpe	1453385298561	49.1776978	-0.352555
LILY14	1453385300745	49.2003033	-0.3598638
Nixpe	1453385311770	49.1776978	-0.352555
LILY14	1453385315650	49.2003058	-0.3598645
Nixpe	1453385324880	49.1776978	-0.352555
LILY14	1453385330608	49.2003096	-0.3598641
Nixpe	1453385337991	49.1776978	-0.352555
LILY14	1453385341202	49.2003104	-0.3598651
Nixpe	1453385351089	49.1776978	-0.352555
LILY14	1453385351241	49.2003102	-0.3598643
LILY14	1453385361270	49.2003112	-0.3598643
Nixpe	1453385364295	49.1776978	-0.352555
LILY14	1453385371368	49.2003114	-0.3598641
Nixpe	1453385377413	49.1776978	-0.352555
LILY14	1453385381491	49.2003115	-0.3598635
Nixpe	1453385390510	49.1776978	-0.352555
LILY14	1453385396474	49.200313	-0.3598637
Nixpe	1453385403624	49.1776978	-0.352555
LILY14	1453385406600	49.2003125	-0.359864
Nixpe	1453385416735	49.1776978	-0.352555
LILY14	1453385416637	49.2003123	-0.359864
LILY14	1453385426849	49.200312	-0.3598638
Nixpe	1453385429834	49.1776978	-0.352555
LILY14	1453385441719	49.2003116	-0.3598635
Nixpe	1453385456045	49.1776978	-0.352555
LILY14	1453385456829	49.2003114	-0.359864
Nixpe	1453385469159	49.1776978	-0.352555
LILY14	1453385466997	49.2003111	-0.3598639
Nixpe	1453385482270	49.1776978	-0.352555
LILY14	1453385481880	49.2003108	-0.3598638
LILY14	1453385491929	49.2003108	-0.3598639
Nixpe	1453385495379	49.1776978	-0.352555
LILY14	1453385502008	49.2003099	-0.3598638
Nixpe	1453385508476	49.1776978	-0.352555
LILY14	1453385512144	49.2003098	-0.3598638
Nixpe	1453385521582	49.1776978	-0.352555
LILY14	1453385522387	49.2003101	-0.3598641
Nixpe	1453385534701	49.1776978	-0.352555
LILY14	1453385537216	49.2003111	-0.3598656
Nixpe	1453385547801	49.1776978	-0.352555
LILY14	1453385552205	49.2003116	-0.3598653
Nixpe	1453385560912	49.1776978	-0.352555
LILY14	1453385562375	49.2003117	-0.3598653
Nixpe	1453385574025	49.1776978	-0.352555
LILY14	1453385577379	49.2003125	-0.3598653
Nixpe	1453385587121	49.1776978	-0.352555
LILY14	1453385592458	49.2003122	-0.3598651
LILY14	1453385602497	49.2003129	-0.3598651
Nixpe	1453385613335	49.1776978	-0.352555
LILY14	1453385612659	49.2003125	-0.3598652
LILY14	1453385622710	49.2003129	-0.3598653
Nixpe	1453385626444	49.1776978	-0.352555
LILY14	1453385632794	49.2003136	-0.3598652
Nixpe	1453385639555	49.1776978	-0.352555
LILY14	1453385648061	49.2003146	-0.3598652
Nixpe	1453385652664	49.1776978	-0.352555
LILY14	1453385658765	49.1998999	-0.3595783
Nixpe	1453385665760	49.1776978	-0.352555
LILY14	1453385674619	49.2002733	-0.359725
Nixpe	1453385678872	49.1776978	-0.352555
LILY14	1453385684677	49.2002333	-0.3595883
Nixpe	1453385691988	49.1776978	-0.352555
Emilyfoot	1453385691942	49.1354	0.1393716
LILY14	1453385695615	49.2002583	-0.3594983
Emilyfoot	1453385702230	49.1351451	0.1442283
Nixpe	1453385705286	49.1776978	-0.352555
LILY14	1453385709617	49.200225	-0.3596266
Nixpe	1453385718401	49.1776978	-0.352555
LILY14	1453385719645	49.2002233	-0.3597916
Nixpe	1453385731512	49.1776978	-0.352555
LILY14	1453385729665	49.200295	-0.3599483
LILY14	1453385739703	49.20037	-0.360135
Nixpe	1453385744616	49.1776978	-0.352555
LILY14	1453385750782	49.2003666	-0.3602383
Nixpe	1453385757723	49.1776978	-0.352555
LILY14	1453385761610	49.200415	-0.360185
Nixpe	1453385770832	49.1776978	-0.352555
LILY14	1453385771619	49.2004733	-0.3600433
LILY14	1453385781621	49.200455	-0.3599466
Emilyfoot	1453385787784	49.1360727	0.1739901
LILY14	1453385791677	49.20048	-0.359835
Emilyfoot	1453385798235	49.1365286	0.1637502
Nixpe	1453385810151	49.1776978	-0.352555
Emilyfoot	1453385809239	49.1370741	0.1657595
LILY14	1453385812765	49.2003393	-0.3598715
Emilyfoot	1453385819244	49.1373042	0.1678466
Nixpe	1453385823360	49.1776978	-0.352555
LILY14	1453385823555	49.200313	-0.3598649
LILY14	1453385833722	49.2003244	-0.359863
Emilyfoot	1453385829250	49.1374499	0.1698429
Emilyfoot	1453385839288	49.1374601	0.1714726
Nixpe	1453385849574	49.1776978	-0.352555
LILY14	1453385848577	49.2003179	-0.3598648
Emilyfoot	1453385850263	49.1367879	0.1732803
LILY14	1453385858704	49.2002016	-0.35961
Nixpe	1453385862688	49.1776978	-0.352555
LILY14	1453385876420	49.2003224	-0.3598643
Nixpe	1453385888898	49.1776978	-0.352555
LILY14	1453385886616	49.200322	-0.359865
LILY14	1453385896658	49.2001516	-0.35947
LILY14	1453385906690	49.20034	-0.3594883
Nixpe	1453385915107	49.1776978	-0.352555
LILY14	1453385921629	49.2003133	-0.359515
Nixpe	1453385928217	49.1776978	-0.352555
LILY14	1453385931643	49.2002916	-0.3598416
Nixpe	1453385941331	49.1776978	-0.352555
LILY14	1453385941693	49.2003333	-0.35978
Nixpe	1453385954428	49.1776978	-0.352555
LILY14	1453385956795	49.2003333	-0.35978
Nixpe	1453385967748	49.1776978	-0.352555
LILY14	1453385967345	49.2003236	-0.3598616
LILY14	1453385977493	49.2010733	-0.359
Nixpe	1453385980957	49.1776978	-0.352555
LILY14	1453385994787	49.2003217	-0.359864
LILY14	1453386005486	49.2003134	-0.3598588
gallou	1453386010808	49.1990561	-0.3662096
LILY14	1453386015543	49.2003225	-0.3598607
gallou	1453386021717	49.1990775	-0.3661948
gallou	1453386031738	49.1990249	-0.3662268
LILY14	1453386030660	49.2003175	-0.3598602
LILY14	1453386040819	49.2003181	-0.3598611
gallou	1453386042717	49.199153	-0.3659363
Nixpe	1453386046892	49.1776978	-0.352555
gallou	1453386052718	49.1992587	-0.3645471
LILY14	1453386055694	49.200315	-0.3598609
gallou	1453386062738	49.1989652	-0.3641362
LILY14	1453386065927	49.2003154	-0.3598607
gallou	1453386072772	49.1984133	-0.3637762
LILY14	1453386080644	49.2004133	-0.3598883
gallou	1453386082778	49.1984424	-0.362278
LILY14	1453386090666	49.2008383	-0.359095
gallou	1453386093724	49.1984293	-0.3609915
Nixpe	1453386099333	49.1776978	-0.352555
gallou	1453386103739	49.198334	-0.3607378
LILY14	1453386104360	49.200341	-0.3598684
gallou	1453386113740	49.1982434	-0.3605691
LILY14	1453386114491	49.2003313	-0.3598611
gallou	1453386124717	49.1973811	-0.3602042
LILY14	1453386131993	49.2003063	-0.3598605
gallou	1453386134738	49.1966953	-0.3601532
Nixpe	1453386138644	49.1776978	-0.352555
gallou	1453386144739	49.195834	-0.3600647
LILY14	1453386146795	49.2003178	-0.3598675
Nixpe	1453386151755	49.1776978	-0.352555
gallou	1453386155717	49.1946834	-0.3599493
LILY14	1453386156866	49.2003197	-0.3598684
gallou	1453386165739	49.1938159	-0.3598532
LILY14	1453386166904	49.2003229	-0.3598664
gallou	1453386175742	49.1929413	-0.3597223
Nixpe	1453386177977	49.1776978	-0.352555
LILY14	1453386177115	49.2003193	-0.3598641
gallou	1453386186717	49.1929206	-0.358663
LILY14	1453386187620	49.2003162	-0.3598636
gallou	1453386196728	49.1934804	-0.3575767
LILY14	1453386197752	49.2003168	-0.3598678
gallou	1453386206738	49.1932555	-0.3573571
LILY14	1453386207932	49.2003152	-0.3598653
gallou	1453386216834	49.1923068	-0.3573113
LILY14	1453386218028	49.2003132	-0.359864
LILY14	1453386228228	49.2003129	-0.3598636
gallou	1453386227727	49.1913875	-0.3573991
gallou	1453386237739	49.1913536	-0.3574029
LILY14	1453386238426	49.2003134	-0.3598637
gallou	1453386248718	49.1907265	-0.3569573
LILY14	1453386250138	49.2003143	-0.3598637
gallou	1453386258739	49.1898217	-0.356329
LILY14	1453386264275	49.2003158	-0.3598631
gallou	1453386269718	49.1891406	-0.3558761
LILY14	1453386274357	49.2003171	-0.359863
gallou	1453386279739	49.188997	-0.3558493
Nixpe	1453386282836	49.1776978	-0.352555
gallou	1453386289741	49.1890167	-0.3558479
LILY14	1453386289465	49.2003166	-0.359863
Nixpe	1453386295930	49.1776978	-0.352555
LILY14	1453386304504	49.200316	-0.3598631
Nixpe	1453386309047	49.1776978	-0.352555
LILY14	1453386319530	49.2003162	-0.3598631
Emilyfoot	1453386327544	49.1313419	0.25734
LILY14	1453386329623	49.2003164	-0.3598628
Emilyfoot	1453386333499	49.1313454	0.2573277
Nixpe	1453386335260	49.1776978	-0.352555
LILY14	1453386339753	49.2003176	-0.3598626
Nixpe	1453386348372	49.1776978	-0.352555
LILY14	1453386349841	49.2003168	-0.3598623
Nixpe	1453386361479	49.1776978	-0.352555
LILY14	1453386359872	49.2003164	-0.3598621
Emilyfoot	1453386361321	49.1313454	0.2573277
LILY14	1453386370629	49.1982983	-0.3597116
LILY14	1453386380681	49.19827	-0.3598633
Nixpe	1453386387686	49.1776978	-0.352555
LILY14	1453386390709	49.1981483	-0.3598716
Nixpe	1453386400794	49.1776978	-0.352555
LILY14	1453386405773	49.1981316	-0.3598666
Nixpe	1453386413909	49.1776978	-0.352555
LILY14	1453386416793	49.2003365	-0.359865
Nixpe	1453386427015	49.1776978	-0.352555
LILY14	1453386427032	49.2003392	-0.3598684
LILY14	1453386437108	49.2003432	-0.3598672
Nixpe	1453386440112	49.1776978	-0.352555
LILY14	1453386447233	49.200342	-0.3598675
Nixpe	1453386453224	49.1776978	-0.352555
LILY14	1453386457398	49.2003382	-0.3598678
Nixpe	1453386466325	49.1776978	-0.352555
LILY14	1453386467423	49.2006766	-0.3593466
LILY14	1453386477686	49.201125	-0.3591616
Nixpe	1453386479435	49.1776978	-0.352555
LILY14	1453386490619	49.2015133	-0.3592683
Nixpe	1453386505853	49.1776978	-0.352555
LILY14	1453386503818	49.2015133	-0.3592683
LILY14	1453386514481	49.2003353	-0.359867
Nixpe	1453386518966	49.1776978	-0.352555
LILY14	1453386529517	49.2003247	-0.3598647
LILY14	1453386539647	49.2003166	-0.3598653
Nixpe	1453386545186	49.1776978	-0.352555
LILY14	1453386554734	49.2003194	-0.3598649
Nixpe	1453386558594	49.1776978	-0.352555
LILY14	1453386564811	49.2003203	-0.3598641
Nixpe	1453386571706	49.1776978	-0.352555
LILY14	1453386574996	49.2003201	-0.3598657
Nixpe	1453386584800	49.1776978	-0.352555
LILY14	1453386585012	49.2003174	-0.3598649
Emilyfoot	1453386592097	49.1314455	0.2571801
LILY14	1453386595125	49.2003183	-0.3598644
Nixpe	1453386597912	49.1776978	-0.352555
Emilyfoot	1453386602368	49.1312833	0.2573292
LILY14	1453386605235	49.2003173	-0.3598625
LILY14	1453386615344	49.2003186	-0.3598652
Nixpe	1453386624133	49.1776978	-0.352555
LILY14	1453386625380	49.2003177	-0.3598653
Nixpe	1453386637230	49.1776978	-0.352555
LILY14	1453386635510	49.2003164	-0.359865
LILY14	1453386645676	49.200316	-0.3598645
Nixpe	1453386650341	49.1776978	-0.352555
LILY14	1453386660784	49.2003156	-0.3598655
LILY14	1453386670856	49.2003148	-0.3598652
Nixpe	1453386676872	49.1776978	-0.352555
LILY14	1453386685942	49.2003139	-0.3598645
Nixpe	1453386689972	49.177683699999996	-0.3525507
LILY14	1453386696071	49.2003143	-0.3598643
Nixpe	1453386703084	49.177683699999996	-0.3525507
LILY14	1453386706201	49.2003143	-0.3598644
Nixpe	1453386716185	49.177699	-0.3525993
LILY14	1453386716627	49.2003145	-0.3598641
LILY14	1453386726953	49.2003139	-0.359864
LILY14	1453386737049	49.2003137	-0.3598641
Nixpe	1453386742406	49.1776791	-0.35256919999999997
LILY14	1453386747218	49.2003134	-0.3598641
Nixpe	1453386755501	49.1776791	-0.35256919999999997
LILY14	1453386757334	49.200313	-0.359864
Nixpe	1453386768611	49.1776791	-0.35256919999999997
LILY14	1453386767435	49.2003131	-0.3598638
LILY14	1453386777532	49.2003126	-0.3598638
LILY14	1453386787759	49.2003128	-0.3598639
Nixpe	1453386794829	49.1776791	-0.35256919999999997
LILY14	1453386802735	49.2003132	-0.3598636
Nixpe	1453386807945	49.1776791	-0.35256919999999997
LILY14	1453386818054	49.2003134	-0.3598637
Nixpe	1453386834154	49.1776791	-0.35256919999999997
LILY14	1453386833290	49.2003135	-0.3598639
Nixpe	1453386847252	49.1776791	-0.35256919999999997
LILY14	1453386848261	49.2003138	-0.3598636
Nixpe	1453386860361	49.1776791	-0.35256919999999997
LILY14	1453386863214	49.2003133	-0.3598634
Nixpe	1453386873473	49.1777021	-0.3525491
LILY14	1453386873529	49.2003132	-0.3598635
Nixpe	1453386886585	49.1776783	-0.3525528
LILY14	1453386888569	49.2003131	-0.3598635
Nixpe	1453386899682	49.1776783	-0.3525528
LILY14	1453386898677	49.2003129	-0.3598636
LILY14	1453386908743	49.2003127	-0.3598647
Nixpe	1453386912793	49.1776783	-0.3525528
LILY14	1453386918920	49.2003126	-0.3598648
Emilyfoot	1453386923232	49.1314426	0.2571388
LILY14	1453386928980	49.2003124	-0.3598648
Nixpe	1453386939009	49.1776783	-0.3525528
LILY14	1453386944054	49.2003118	-0.3598646
Nixpe	1453386952121	49.1776783	-0.3525528
LILY14	1453386954105	49.2003113	-0.3598645
Nixpe	1453386965224	49.1776883	-0.3525661
LILY14	1453386964354	49.2003111	-0.3598644
LILY14	1453386974481	49.200311	-0.3598644
LILY14	1453386984493	49.2003108	-0.3598644
Nixpe	1453386991438	49.1776883	-0.3525661
LILY14	1453386995001	49.2003106	-0.3598644
Nixpe	1453387004550	49.1776883	-0.3525661
LILY14	1453387009874	49.2003109	-0.3598642
Nixpe	1453387017645	49.1776883	-0.3525661
LILY14	1453387019960	49.200311	-0.3598647
Nixpe	1453387030757	49.1776883	-0.3525661
LILY14	1453387029977	49.200311	-0.3598646
LILY14	1453387040045	49.2003109	-0.3598645
LILY14	1453387050198	49.2003109	-0.3598642
Nixpe	1453387056967	49.1776883	-0.3525661
LILY14	1453387060362	49.2003108	-0.359864
Nixpe	1453387070085	49.1776883	-0.3525661
LILY14	1453387075624	49.2003106	-0.3598639
Nixpe	1453387083187	49.1776883	-0.3525661
LILY14	1453387090620	49.2003106	-0.3598638
LILY14	1453387100687	49.2005233	-0.3602916
Nixpe	1453387109403	49.1776883	-0.3525661
LILY14	1453387110715	49.2005366	-0.360285
Nixpe	1453387122515	49.177685399999994	-0.3525792
LILY14	1453387121618	49.2005366	-0.360285
LILY14	1453387131867	49.2005	-0.3601566
Nixpe	1453387135610	49.177685399999994	-0.3525792
LILY14	1453387142650	49.2004583	-0.3600416
Nixpe	1453387148722	49.177685399999994	-0.3525792
LILY14	1453387152680	49.2004483	-0.3600199
Nixpe	1453387161834	49.177685399999994	-0.3525792
LILY14	1453387163621	49.2003683	-0.3600666
Nixpe	1453387174940	49.177685399999994	-0.3525792
LILY14	1453387173706	49.2003683	-0.3600666
Nixpe	1453387188052	49.177685399999994	-0.3525792
LILY14	1453387184633	49.2003683	-0.3600666
LILY14	1453387194707	49.200495	-0.3598883
Nixpe	1453387201146	49.177685399999994	-0.3525792
LILY14	1453387213037	49.20049	-0.3598966
LILY14	1453387223612	49.2003101	-0.359861
LILY14	1453387233962	49.200311	-0.3598614
Nixpe	1453387240481	49.177685399999994	-0.3525792
LILY14	1453387244109	49.2003107	-0.3598645
Nixpe	1453387253577	49.177685399999994	-0.3525792
LILY14	1453387254475	49.200313	-0.3598637
Nixpe	1453387266690	49.177685399999994	-0.3525792
LILY14	1453387269334	49.2003106	-0.3598627
Nixpe	1453387279802	49.177685399999994	-0.3525792
LILY14	1453387279613	49.201335	-0.3591266
LILY14	1453387289767	49.20105	-0.359515
Nixpe	1453387292911	49.177685399999994	-0.3525792
Emilyfoot	1453387303635	49.1314503	0.2570967
Nixpe	1453387306006	49.177685399999994	-0.3525792
Emilyfoot	1453387308587	49.1314518	0.2574536
LILY14	1453387310775	49.2003105	-0.3598598
Emilyfoot	1453387313743	49.1314518	0.2574536
LILY14	1453387321669	49.2002986	-0.3598596
Nixpe	1453387332233	49.177685399999994	-0.3525792
LILY14	1453387337546	49.2003092	-0.3598608
Nixpe	1453387345331	49.177685399999994	-0.3525792
LILY14	1453387352380	49.2003137	-0.3598608
Nixpe	1453387358443	49.177685399999994	-0.3525792
LILY14	1453387362411	49.2003107	-0.3598617
Nixpe	1453387371539	49.177685399999994	-0.3525792
LILY14	1453387372693	49.200285	-0.360515
Nixpe	1453387384665	49.177685399999994	-0.3525792
LILY14	1453387383666	49.2003916	-0.3605833
LILY14	1453387393722	49.2003216	-0.36039
Nixpe	1453387397762	49.177685399999994	-0.3525792
LILY14	1453387404605	49.2004233	-0.3601566
Nixpe	1453387410972	49.177685399999994	-0.3525792
LILY14	1453387414622	49.2003383	-0.3599783
Nixpe	1453387424084	49.177685399999994	-0.3525792
LILY14	1453387424668	49.2000866	-0.35995
LILY14	1453387434715	49.20027	-0.3599216
Nixpe	1453387437181	49.177685399999994	-0.3525792
LILY14	1453387445630	49.2003799	-0.3598116
Nixpe	1453387450292	49.177685399999994	-0.3525792
Emilyfoot	1453387449898	49.131443	0.2571444
LILY14	1453387455675	49.2004383	-0.3596983
Emilyfoot	1453387458907	49.1313167	0.2573489
Nixpe	1453387463405	49.177685399999994	-0.3525792
LILY14	1453387466638	49.2005066	-0.3595899
Nixpe	1453387476502	49.177685399999994	-0.3525792
LILY14	1453387476664	49.2005666	-0.359345
Nixpe	1453387489613	49.177685399999994	-0.3525792
LILY14	1453387486683	49.200685	-0.3591749
LILY14	1453387496726	49.2007833	-0.3590083
Nixpe	1453387502725	49.177685399999994	-0.3525792
LILY14	1453387506802	49.2009216	-0.3587216
Nixpe	1453387515821	49.177685399999994	-0.3525792
LILY14	1453387517619	49.2010233	-0.3585466
LILY14	1453387527629	49.200795	-0.3593633
Nixpe	1453387528930	49.177685399999994	-0.3525792
LILY14	1453387537691	49.2006983	-0.3596766
Nixpe	1453387542045	49.177685399999994	-0.3525792
LILY14	1453387548647	49.2006	-0.3598516
Nixpe	1453387555145	49.177685399999994	-0.3525792
LILY14	1453387558652	49.2005149	-0.3600583
Nixpe	1453387568264	49.177685399999994	-0.3525792
LILY14	1453387568696	49.2004766	-0.3601133
Nixpe	1453387581366	49.177685399999994	-0.3525792
LILY14	1453387579610	49.200505	-0.3599483
LILY14	1453387599688	49.2005516	-0.3599016
Nixpe	1453387607574	49.177685399999994	-0.3525792
LILY14	1453387609721	49.2005966	-0.3597716
Nixpe	1453387620685	49.177685399999994	-0.3525792
LILY14	1453387620637	49.2006366	-0.359685
Nixpe	1453387633800	49.177685399999994	-0.3525792
LILY14	1453387635855	49.2006433	-0.3596666
Nixpe	1453387646906	49.177685399999994	-0.3525792
LILY14	1453387646526	49.2003095	-0.359864
LILY14	1453387656700	49.2003059	-0.3598638
Nixpe	1453387660011	49.177685399999994	-0.3525792
LILY14	1453387666802	49.2003055	-0.3598628
Nixpe	1453387673107	49.177685399999994	-0.3525792
LILY14	1453387677152	49.2003058	-0.3598643
Nixpe	1453387686214	49.177685399999994	-0.3525792
LILY14	1453387687384	49.2003049	-0.3598643
Nixpe	1453387699326	49.177685399999994	-0.3525792
LILY14	1453387697541	49.2003037	-0.3598631
LILY14	1453387707651	49.20045	-0.3598216
LILY14	1453387717780	49.2003683	-0.359915
Nixpe	1453387725540	49.177685399999994	-0.3525792
LILY14	1453387728616	49.2005599	-0.3599633
Nixpe	1453387738652	49.177685399999994	-0.3525792
LILY14	1453387742637	49.2006066	-0.36008
Nixpe	1453387751764	49.177685399999994	-0.3525792
LILY14	1453387753621	49.2005316	-0.360045
gallou	1453387756459	49.1890744	-0.3557943
LILY14	1453387763670	49.2004666	-0.3599116
gallou	1453387767132	49.1890388	-0.3558509
LILY14	1453387774234	49.2006333	-0.359645
Nixpe	1453387777982	49.177685399999994	-0.3525792
gallou	1453387777137	49.1887682	-0.3557581
gallou	1453387787145	49.1882571	-0.3557215
LILY14	1453387792650	49.2007883	-0.3594383
gallou	1453387797146	49.1879397	-0.3558014
LILY14	1453387803613	49.2009916	-0.3589683
gallou	1453387807152	49.1879303	-0.3565396
LILY14	1453387816786	49.2009916	-0.3589683
gallou	1453387818125	49.187943	-0.3571834
LILY14	1453387827531	49.20034	-0.3598635
gallou	1453387828128	49.1879673	-0.3578829
gallou	1453387838150	49.1879794	-0.3579004
LILY14	1453387842530	49.2003463	-0.35986
gallou	1453387849125	49.1880195	-0.358259
LILY14	1453387852960	49.2003368	-0.3598598
gallou	1453387859131	49.1882039	-0.3592652
LILY14	1453387862984	49.2003332	-0.3598616
gallou	1453387869143	49.1882611	-0.3593301
LILY14	1453387878028	49.2003295	-0.3598614
gallou	1453387879146	49.1882736	-0.3593163
LILY14	1453387888093	49.2003268	-0.3598614
gallou	1453387889148	49.1882736	-0.3593161
LILY14	1453387898475	49.2003251	-0.3598614
gallou	1453387900125	49.1883602	-0.3597635
gallou	1453387910145	49.188605	-0.3612959
LILY14	1453387913276	49.200322	-0.3598619
gallou	1453387921124	49.1888783	-0.3628578
LILY14	1453387923450	49.2003221	-0.3598628
gallou	1453387931140	49.188892	-0.3629585
LILY14	1453387933747	49.2003197	-0.3598622
gallou	1453387941146	49.188901	-0.3629579
LILY14	1453387948799	49.2003203	-0.3598622
gallou	1453387952127	49.1889004	-0.3629577
LILY14	1453387958936	49.2003204	-0.3598624
gallou	1453387962147	49.1888999	-0.3629577
Nixpe	1453387974585	49.177685399999994	-0.3525792
gallou	1453387973126	49.1888997	-0.3629579
LILY14	1453387973892	49.2003192	-0.3598619
gallou	1453387983145	49.1888911	-0.3629908
LILY14	1453387984083	49.2003197	-0.3598621
Nixpe	1453387987679	49.177685399999994	-0.3525792
LILY14	1453387994168	49.2003197	-0.3598619
gallou	1453387994124	49.1888926	-0.3630287
gallou	1453388004145	49.1888115	-0.363657
LILY14	1453388004253	49.200319	-0.3598626
gallou	1453388014146	49.1887219	-0.3644557
LILY14	1453388014534	49.2003188	-0.3598623
gallou	1453388024147	49.1890683	-0.3652708
LILY14	1453388024585	49.2003189	-0.3598625
Nixpe	1453388027005	49.177685399999994	-0.3525792
LILY14	1453388034678	49.2003194	-0.3598626
gallou	1453388034155	49.1895512	-0.3659204
LILY14	1453388044945	49.2003201	-0.3598625
gallou	1453388045114	49.190252	-0.3667992
LILY14	1453388055118	49.2003209	-0.3598626
gallou	1453388055124	49.1910509	-0.367491
Nixpe	1453388066324	49.177685399999994	-0.3525792
gallou	1453388065126	49.1921019	-0.3676071
LILY14	1453388070208	49.2003216	-0.359863
gallou	1453388075153	49.1933245	-0.3674526
LILY14	1453388080223	49.2003161	-0.3598635
gallou	1453388086124	49.1947468	-0.3672938
Nixpe	1453388092537	49.177685399999994	-0.3525792
LILY14	1453388090317	49.2003151	-0.3598633
gallou	1453388096153	49.1956012	-0.367593
LILY14	1453388100523	49.2003162	-0.3598639
gallou	1453388107125	49.1957055	-0.3676673
LILY14	1453388110656	49.200316	-0.3598644
gallou	1453388117127	49.196344	-0.3681577
LILY14	1453388120702	49.200318	-0.3598662
gallou	1453388127129	49.1974376	-0.3690039
Nixpe	1453388132071	49.177685399999994	-0.3525792
LILY14	1453388130796	49.2003121	-0.359866
gallou	1453388137146	49.1982864	-0.3692585
LILY14	1453388147359	49.2003121	-0.359866
gallou	1453388148125	49.1988629	-0.3677455
gallou	1453388158126	49.199075	-0.3665356
gallou	1453388168146	49.199265	-0.3664864
gallou	1453388178151	49.1992407	-0.3665052
Nixpe	1453388184611	49.177685399999994	-0.3525792
gallou	1453388189132	49.1991995	-0.3664594
Nixpe	1453388197709	49.177685399999994	-0.3525792
lejeune	1453388481478	49.1994464	-0.36767679999999997
Nixpe	1453388486678	49.177685399999994	-0.3525792
Efontaine	1453388505325	49.1548011	-0.3324732
Nixpe	1453388512901	49.177685399999994	-0.3525792
Nixpe	1453389629360	49.1776917	-0.35258039999999996
Nixpe	1453389642473	49.1776992	-0.35254860000000005
Maverick1st	1453389823336	49.01078928261911	-0.8430157689845161
Maverick1st	1453389829964	49.01070309186789	-0.8430424379871827
Nixpe	1453389839287	49.1776992	-0.35254860000000005
Maverick1st	1453389862272	49.01070309186789	-0.8430424379871827
Nixpe	1453389865495	49.1776992	-0.35254860000000005
Maverick1st	1453389876261	49.01070309186789	-0.8430424379871827
Nixpe	1453389878606	49.1776992	-0.35254860000000005
Maverick1st	1453389878896	49.01070309186789	-0.8430424379871827
Nixpe	1453389891718	49.1776992	-0.35254860000000005
gallou	1453390246936	49.1989337	-0.3667345
gallou	1453390251142	49.1989776	-0.3666756
Nixpe	1453390259629	49.1776992	-0.35254860000000005
LisaPipoune14	1453390540104	48.641437997223534	0.07538937711755794
Nixpe	1453390548202	49.1776992	-0.35254860000000005
LisaPipoune14	1453390556933	48.64156064293147	0.07530472398189068
Nixpe	1453390561310	49.1776992	-0.35254860000000005
LisaPipoune14	1453390562820	48.64156064293147	0.07530472398189068
Nixpe	1453390574422	49.1776992	-0.35254860000000005
LILY14	1453390628325	49.2002852	-0.3598618
Nixpe	1453390639951	49.1776992	-0.35254860000000005
LisaPipoune14	1453390641548	48.64156064293147	0.07530472398189068
LILY14	1453390641942	49.2003175	-0.3598739
Nixpe	1453390653064	49.1776992	-0.35254860000000005
LILY14	1453390656294	49.2003175	-0.3598739
Nixpe	1453390666160	49.1776992	-0.35254860000000005
johann14	1453390761652	48.8625	2.3365
Nixpe	1453390771329	49.1776992	-0.35254860000000005
johann14	1453390830909	48.8625	2.3365
Nixpe	1453390837069	49.1776992	-0.35254860000000005
johann14	1453390850109	48.8625	2.3365
Nixpe	1453390863283	49.1776992	-0.35254860000000005
johann14	1453390866810	48.8625	2.3365
Nixpe	1453390876395	49.1776992	-0.35254860000000005
johann14	1453390949990	48.8625	2.3365
Nixpe	1453390968248	49.1776992	-0.35254860000000005
johann14	1453390990585	48.8625	2.3365
Nixpe	1453390994464	49.1776992	-0.35254860000000005
johann14	1453391000595	48.8625	2.3365
Nixpe	1453391007565	49.1776992	-0.35254860000000005
Emilyfoot	1453391221245	49.1314621	0.2571347
Nixpe	1453391230495	49.1776992	-0.35254860000000005
Emilyfoot	1453391326439	49.1314376	0.2571414
Emilyfoot	1453391336578	49.1314343	0.2575808
Emilyfoot	1453391342169	49.1314445	0.2575268
Nixpe	1453391348660	49.1776992	-0.35254860000000005
Emilyfoot	1453391420664	49.1314476	0.2570941
Nixpe	1453391427511	49.1776992	-0.35254860000000005
Nixpe	1453392229205	49.1776918	-0.3525549
Maverick1st	1453392238979	49.01086428849435	-0.8430359152808129
Maverick1st	1453392244157	49.01086079018557	-0.8430414634291806
Nixpe	1453392255413	49.1776918	-0.3525549
Nejia.bs	1453392301829	49.1483459	-0.340495
Nixpe	1453392347169	49.1776918	-0.3525549
Nixpe	1453392386486	49.1776932	-0.35256719999999997
Nixpe	1453392412704	49.1776793	-0.35258839999999997
Nixpe	1453392517667	49.177671499999995	-0.3525991
Nixpe	1453392675152	49.177692099999994	-0.35256709999999997
Emilyfoot	1453392827139	49.1314154	0.2572463
Nixpe	1453392832639	49.177692099999994	-0.35256709999999997
Emilyfoot	1453392838165	49.1314647	0.2574044
Nixpe	1453392845747	49.177692099999994	-0.35256709999999997
Nejia.bs	1453392988827	49.1735182	-0.2664223
Nixpe	1453393029345	49.177692099999994	-0.35256709999999997
Nejia.bs	1453393019062	49.10218497574197	-0.2891909295048784
Nixpe	1453393055568	49.177692099999994	-0.35256709999999997
Maverick1st	1453393200185	49.01079931716624	-0.8430235618937677
Nixpe	1453393213676	49.177692099999994	-0.35256709999999997
Maverick1st	1453393254746	49.01079864811192	-0.8430183151162816
Nixpe	1453393266405	49.177692099999994	-0.35256709999999997
Nixpe	1453393371269	49.177683699999996	-0.35257879999999997
Nixpe	1453393436816	49.1776986	-0.3526084
Nixpe	1453393449914	49.177225899999996	-0.3530763
Alex1977	1453393570702	49.1630593	-0.3608911
Nixpe	1453393594287	49.177225899999996	-0.3530763
Alex1977	1453393592023	49.1630593	-0.3608911
Alex1977	1453393605767	49.1630788	-0.360861
Nixpe	1453393633622	49.1776841	-0.3525357
Alex1977	1453393621645	49.1630788	-0.360861
Nixpe	1453393646718	49.1776841	-0.3525357
Alex1977	1453393715965	49.1630318	-0.3608925
Alex1977	1453393719739	49.1630272	-0.3608912
Efontaine	1453393747830	49.1669156	-0.3245746
Nixpe	1453393751572	49.1776841	-0.3525357
Alex1977	1453393745819	49.1630272	-0.3608912
Nixpe	1453393764889	49.1776841	-0.3525357
Alex1977	1453393751326	49.1630272	-0.3608912
Nixpe	1453393778005	49.1776841	-0.3525357
Crapule	1453393995795	49.165656263449925	-0.2939808247684579
Nixpe	1453394000922	49.1776841	-0.3525357
Crapule	1453394006142	49.164953440035575	-0.29384396625357323
Nixpe	1453394014033	49.1776841	-0.3525357
Crapule	1453394033855	49.164953440035575	-0.29384396625357323
Nixpe	1453394040246	49.1776841	-0.3525357
Nejia.bs	1453394922789	49.1735182	-0.2664223
Nixpe	1453394959188	49.1776841	-0.3525357
Nixpe	1453395615559	49.1776756	-0.3525716
Nixpe	1453395641773	49.1776755	-0.35254769999999996
Nixpe	1453395838494	49.1776899	-0.35260009999999997
Nixpe	1453396101258	49.177686099999995	-0.3525767
Nixpe	1453396153682	49.1776829	-0.35259959999999996
johann14	1453396342007	49.12149240000001	-0.3768953
Nixpe	1453396351411	49.1776829	-0.35259959999999996
johann14	1453396352925	49.12149240000001	-0.3768953
Nixpe	1453396364524	49.1776829	-0.35259959999999996
Nixpe	1453396377622	49.177697599999995	-0.3525834
Nejia.bs	1453396367535	49.1598161	-0.3087095
Nixpe	1453396404045	49.177697599999995	-0.3525834
Nixpe	1453396719234	49.1776805	-0.35257649999999996
johann14	1453396944597	49.121497399999996	-0.376918
Nixpe	1453396955159	49.1776805	-0.35257649999999996
Nejia.bs	1453396970725	49.1960392	-0.3601218
Nixpe	1453397007802	49.1776805	-0.35257649999999996
Emilyfoot	1453397025411	49.1313821	0.2574498
Nixpe	1453397034014	49.1776805	-0.35257649999999996
Nixpe	1453397348804	49.177695	-0.3526081
Nixpe	1453397388523	49.1776632	-0.3525681
Nixpe	1453397401732	49.1776896	-0.3526032
Emilyfoot	1453397545219	49.1296634	0.2559247
Emilyfoot	1453397556437	49.1282622	0.2540643
Nixpe	1453397559224	49.1776896	-0.3526032
Emilyfoot	1453397567186	49.128407	0.2522016
Nixpe	1453397572335	49.1776896	-0.3526032
Nixpe	1453397650969	49.1776896	-0.3526066
Emilyfoot	1453397654459	49.1332395	0.2367859
Nixpe	1453397664081	49.1776896	-0.3526066
Emilyfoot	1453397664834	49.1330303	0.2380199
Nixpe	1453397677395	49.1776896	-0.3526066
Emilyfoot	1453397674836	49.1319118	0.236177
Emilyfoot	1453397686810	49.130823	0.2329801
Nixpe	1453397690503	49.1776896	-0.3526066
Emilyfoot	1453397697790	49.1302721	0.2290323
Nixpe	1453397703613	49.1776896	-0.3526066
Emilyfoot	1453397707791	49.1296799	0.2258877
Nixpe	1453397716708	49.1776896	-0.3526066
Emilyfoot	1453397717832	49.1292549	0.2237398
Nixpe	1453397729819	49.1776874	-0.35255709999999996
Emilyfoot	1453397758522	49.1313829	0.2257696
Nixpe	1453397769149	49.1776874	-0.35255709999999996
Emilyfoot	1453397769246	49.1319337	0.2261535
Emilyfoot	1453397771198	49.1319846	0.2260688
Nixpe	1453397782252	49.1776874	-0.35255709999999996
Nixpe	1453397992266	49.177678099999994	-0.352624
Nixpe	1453398097126	49.177670299999996	-0.3525995
Nixpe	1453398149663	49.1772219	-0.35311929999999997
Emilyfoot	1453398219983	49.1291169	0.2560907
Emilyfoot	1453398224896	49.1300244	0.2575773
Nixpe	1453398228504	49.1772219	-0.35311929999999997
Nixpe	1453398241617	49.1776803	-0.35256109999999996
Emilyfoot	1453398386584	49.1323476	0.2554917
Nixpe	1453398399206	49.1776803	-0.35256109999999996
Efontaine	1453398730791	49.1454657	-0.4563816
Nixpe	1453398740715	49.1776803	-0.35256109999999996
Nixpe	1453398884991	49.177685200000006	-0.35257430000000006
Nixpe	1453398898107	49.177701899999995	-0.3526183
Nixpe	1453399042283	49.1776797	-0.3525585
Emilyfoot	1453399256889	49.1515782	0.2260747
Nixpe	1453399265106	49.1776797	-0.3525585
Emilyfoot	1453399267332	49.1537512	0.2246892
Nixpe	1453399278208	49.1776797	-0.3525585
Emilyfoot	1453399277333	49.1549149	0.2238877
Emilyfoot	1453399287342	49.1560524	0.223209
Nixpe	1453399291322	49.1776797	-0.3525585
Emilyfoot	1453399297362	49.1567593	0.2226162
Nixpe	1453399304420	49.1776797	-0.3525585
Emilyfoot	1453399308346	49.1568238	0.2225558
Nixpe	1453399317525	49.1776797	-0.3525585
Emilyfoot	1453399319340	49.1568238	0.2225558
Nixpe	1453399330635	49.1776797	-0.3525585
Efontaine	1453400490869	49.1454763	-0.4563483
Nixpe	1453400499019	49.1776797	-0.3525585
Nixpe	1453400669624	49.177675	-0.3525527
Nixpe	1453400735155	49.177663599999995	-0.3525854

